252 47
243 44
251 41
254 34
265 48
259 85
266 91
277 87
280 85
289 50
290 49
277 45
272 34
279 34
296 32
299 37
298 41
299 41
302 46
306 41
315 36
318 36
327 33
327 40
325 41
326 51
330 46
335 43
341 39
350 44
344 50
346 51
362 52
363 37
369 45
374 41
375 44
376 49
379 49
380 47
383 46
387 51
388 40
386 33
393 39
396 44
400 44
401 49
410 49
407 42
405 38
405 37
408 39
414 44
414 48
435 52
441 47
436 43
432 43
431 44
426 34
432 36
434 36
460 40
458 46
461 48
462 46
466 44
467 49
472 50
480 49
481 46
481 40
478 34
480 35
489 36
491 35
492 40
498 33
502 42
496 44
502 51
505 42
510 39
514 45
518 50
528 47
531 53
536 46
532 39
550 41
554 42
555 42
559 47
560 53
564 44
562 41
571 40
578 38
583 35
588 35
600 34
590 41
588 45
588 47
583 45
584 51
583 52
575 52
574 87
566 90
555 95
551 91
546 96
545 97
540 101
539 96
533 96
528 104
526 94
526 88
523 91
520 93
517 91
511 88
509 92
511 95
509 103
508 101
503 89
491 91
486 90
483 93
490 98
478 105
475 105
472 102
474 99
473 93
472 90
466 94
466 99
456 100
452 88
447 86
443 86
440 88
440 99
436 90
420 87
423 102
421 103
419 103
413 103
411 105
405 105
401 104
395 102
403 97
402 96
403 94
403 94
406 93
394 91
389 96
386 99
386 100
384 102
384 103
382 101
372 101
383 89
376 89
371 88
365 88
356 86
351 93
353 103
348 99
346 90
344 89
335 87
332 91
329 94
329 99
330 101
330 103
327 105
321 102
310 103
312 97
305 94
304 92
302 88
297 88
294 86
292 88
294 93
295 94
294 102
286 99
285 97
283 98
283 96
280 95
280 99
282 102
276 99
276 98
273 96
273 101
266 102
256 89
253 90
246 89
245 90
241 95
240 92
235 90
233 90
232 90
227 93
225 96
226 98
216 103
215 104
215 92
207 93
201 90
199 88
194 85
190 88
187 89
187 96
190 100
191 100
198 97
196 101
192 104
175 99
173 104
172 101
169 100
171 91
163 89
161 96
165 101
168 104
170 153
160 156
158 155
156 155
153 156
147 155
140 157
145 163
144 164
143 168
143 169
154 168
160 166
168 170
172 166
174 165
171 164
168 163
173 160
179 161
179 161
182 165
183 164
185 157
189 158
191 163
189 169
198 167
196 161
200 160
203 156
213 157
209 165
213 168
214 169
217 168
218 168
217 163
218 162
225 164
223 161
222 151
228 152
230 152
231 154
232 157
237 157
239 155
249 156
243 169
246 169
254 163
256 164
265 161
262 158
265 152
270 156
273 154
274 157
271 158
270 168
273 167
280 162
280 151
292 151
295 153
301 153
297 156
294 156
295 159
300 162
308 159
315 160
318 150
326 152
325 155
324 161
327 163
336 165
339 167
339 164
344 155
341 155
337 154
335 154
338 151
337 149
346 149
350 150
355 149
353 155
352 156
351 157
351 157
357 161
356 158
360 151
366 156
363 160
366 163
363 166
366 167
369 164
373 165
372 158
384 154
391 148
391 151
392 152
389 159
392 159
398 157
399 156
402 166
405 156
405 148
409 154
416 157
422 163
424 166
427 166
428 162
434 159
433 155
435 155
438 159
439 158
441 160
446 159
453 161
460 158
456 153
456 149
463 149
465 147
471 151
471 154
466 160
470 161
479 163
481 163
481 164
477 166
476 170
477 173
477 174
480 177
480 174
481 171
481 169
487 170
489 167
491 166
488 160
486 159
485 151
484 147
494 157
493 158
492 158
491 160
495 164
496 164
495 168
494 173
493 180
490 180
487 182
485 184
495 185
493 189
488 193
483 193
480 195
478 195
479 199
477 202
484 209
493 209
484 213
484 214
482 213
479 221
488 218
490 223
492 223
492 227
489 225
487 226
485 226
484 229
483 231
479 231
486 235
482 237
479 243
481 249
478 257
479 260
481 261
486 269
485 274
481 276
482 286
481 305
483 319
489 320
487 322
484 323
479 323
480 331
485 341
485 348
481 348
481 353
484 356
488 355
487 366
488 367
484 369
480 372
457 391
453 390
438 395
430 399
423 395
423 399
420 403
412 401
408 396
405 392
404 395
404 397
389 406
381 405
382 400
386 396
382 393
369 405
359 406
361 393
358 391
353 393
352 395
351 395
347 397
346 410
344 408
336 406
336 405
334 393
324 394
329 401
328 405
324 401
320 403
317 400
316 406
314 405
303 405
302 401
294 402
294 395
284 395
276 396
274 396
269 393
273 400
272 403
267 404
265 405
264 401
256 399
254 397
250 398
238 397
230 402
217 402
211 396
205 402
202 400
197 402
197 405
201 410
200 413
225 407
232 407
233 406
238 404
242 406
245 407
247 412
252 408
254 406
254 410
260 410
273 409
277 404
283 401
286 403
293 407
311 455
313 457
315 458
309 461
307 461
300 459
299 462
291 455
292 460
290 462
285 460
278 466
270 471
270 463
270 460
266 461
265 459
261 460
260 456
258 458
255 459
254 456
245 457
244 456
241 456
235 462
238 467
238 469
244 467
251 465
256 471
256 473
237 473
227 472
230 467
229 464
222 465
219 455
204 471
198 461
198 459
197 455
190 456
192 459
193 466
196 468
193 472
185 467
183 471
177 467
171 467
178 462
176 456
173 457
169 457
167 461
166 459
164 456
162 457
162 465
162 473
158 471
153 472
151 463
148 463
148 462
151 458
146 458
138 457
133 465
128 461
127 462
126 463
126 465
122 465
121 465
121 467
120 472
107 467
113 465
117 456
122 459
123 451
125 451
125 446
126 441
121 441
120 439
128 433
120 426
117 427
114 423
112 427
116 429
116 432
113 440
111 449
56 456
58 450
51 445
55 434
53 432
52 432
49 430
51 428
58 426
47 414
55 411
58 415
109 409
111 418
122 417
121 411
118 408
120 403
124 407
123 409
127 408
125 404
126 403
126 401
126 398
125 397
122 395
117 395
121 388
124 389
123 387
123 386
121 385
124 385
127 379
126 376
127 375
126 370
123 374
121 375
121 377
112 387
110 380
113 380
117 377
117 376
121 371
121 369
121 366
116 367
115 365
117 364
116 363
117 357
124 359
127 354
123 351
120 347
120 346
116 345
113 348
108 354
109 351
114 341
118 341
118 340
123 340
122 331
126 329
123 317
116 327
116 333
111 336
110 338
108 322
112 321
109 317
108 313
111 313
111 307
111 304
109 297
112 294
117 290
117 293
119 305
118 309
117 312
119 310
124 310
122 307
121 300
122 298
121 294
122 290
125 286
125 284
124 285
122 286
118 281
111 283
111 280
106 279
106 278
107 276
109 275
115 274
122 275
124 274
124 273
115 269
112 268
107 269
108 264
109 263
111 260
113 263
115 266
118 266
117 265
118 262
116 259
115 257
117 255
120 256
118 254
119 247
118 248
111 253
112 247
111 246
110 245
107 245
105 243
107 235
110 237
109 238
113 243
116 240
118 244
120 245
124 244
121 239
120 238
124 235
114 233
115 227
109 228
108 229
105 219
114 213
110 208
110 208
109 204
107 203
108 201
112 199
110 199
108 198
106 196
106 194
106 192
108 191
105 190
106 186
112 188
112 194
117 196
118 199
118 203
117 205
120 210
119 219
121 214
121 211
121 194
118 187
112 179
113 177
114 174
122 174
119 170
120 163
122 158
123 159
131 163
129 153
121 153
117 154
111 156
110 157
111 158
111 160
106 159
110 163
113 167
113 169
106 169
106 170
104 171
105 176
104 179
57 183
58 181
58 178
50 165
47 163
47 160
48 155
49 152
45 150
49 144
51 147
56 143
57 140
57 140
51 134
52 133
54 130
56 120
69 102
75 103
72 97
73 97
74 96
74 91
79 90
83 89
84 89
93 84
92 90
89 97
90 100
100 99
107 102
101 95
102 92
105 89
105 89
108 92
110 93
110 93
119 92
123 96
118 103
127 103
134 101
147 100
148 100
148 102
151 100
149 96
144 86
134 86
130 85
129 85
130 84
138 50
137 46
146 49
149 51
159 45
162 50
165 49
166 48
168 51
176 50
182 50
190 46
194 46
193 48
196 51
197 47
200 45
204 45
204 47
234 48
237 47
222 44
215 40
214 41
211 38
209 35
208 32
205 37
202 33
192 35
184 43
179 41
176 44
171 44
170 40
174 39
175 39
174 33
171 36
162 33
157 41
153 43
153 44
148 43
144 39
142 34
132 37
128 37
125 45
123 44
122 43
119 35
116 36
115 35
114 36
114 40
109 36
106 36
103 36
108 44
104 46
94 48
90 48
89 44
92 43
91 35
80 35
74 38
72 38
72 37
69 34
62 33
58 40
54 35
51 41
50 42
49 42
47 47
56 46
59 46
60 49
61 48
68 46
70 46
82 45
82 84
79 84
79 87
69 87
66 86
58 84
59 89
54 90
50 90
50 89
41 85
41 89
40 92
39 102
44 105
49 100
51 99
52 100
55 100
54 98
56 97
58 94
58 93
62 92
60 96
61 102
58 107
54 106
39 124
51 125
52 129
50 132
43 132
43 139
40 140
42 142
41 145
39 145
40 146
39 150
39 151
39 154
41 155
44 158
43 167
42 173
44 173
51 177
51 183
50 184
53 189
48 187
46 187
47 190
48 191
46 195
45 199
43 200
49 203
49 207
43 210
45 218
49 217
52 225
52 231
57 230
55 238
56 246
53 248
55 254
57 252
58 254
57 255
58 260
55 259
52 267
52 266
51 257
46 247
47 246
47 242
45 240
44 234
47 228
44 225
41 222
42 234
42 236
42 237
43 239
39 243
44 251
39 263
43 275
51 277
51 281
50 283
48 286
46 286
45 292
50 293
52 287
54 288
55 289
54 293
57 300
48 304
44 305
42 311
52 311
50 317
41 322
44 326
42 331
42 337
47 337
48 336
51 326
57 323
55 330
56 331
55 337
58 344
51 351
44 346
40 344
39 344
43 348
44 348
45 354
43 353
40 353
42 357
46 356
45 358
44 365
40 367
42 370
50 369
52 368
53 365
57 375
57 375
58 380
57 382
56 384
52 390
48 387
44 386
44 391
50 393
52 398
52 402
43 401
39 396
41 407
41 418
44 423
45 426
43 426
41 428
41 437
39 444
40 445
45 453
46 454
47 459
42 466
49 469
51 481
54 480
54 483
52 486
55 488
55 490
48 499
46 498
39 503
46 501
50 501
50 503
51 505
50 507
44 514
45 516
47 517
48 528
52 529
57 527
72 526
72 522
72 520
73 519
69 518
69 518
69 518
73 515
77 516
77 518
82 519
83 522
86 517
89 520
98 525
98 518
101 520
101 522
111 531
121 527
116 519
115 516
116 515
124 515
130 513
129 518
134 518
132 520
134 524
137 525
140 525
142 529
147 527
141 520
143 518
143 513
149 517
152 518
162 519
160 531
163 531
166 527
168 523
170 518
170 513
180 526
181 525
185 529
184 525
187 522
192 524
191 526
191 527
193 529
198 528
203 523
208 517
210 513
215 513
214 516
213 519
220 528
222 524
229 525
224 521
222 518
233 511
236 516
236 518
237 518
238 518
241 516
242 515
243 524
249 529
259 529
261 529
262 522
255 520
255 515
259 512
260 513
268 516
278 513
280 517
287 514
282 524
283 529
289 521
291 520
293 521
301 530
318 526
321 530
329 523
332 520
333 524
333 526
339 529
356 522
360 524
371 524
374 528
384 527
384 525
386 513
379 515
377 515
370 516
371 519
370 521
360 519
351 518
341 516
342 511
339 510
330 511
328 519
322 522
321 518
305 512
301 515
289 473
286 472
283 472
280 474
279 472
284 467
304 469
305 470
307 471
308 471
315 470
319 472
316 467
320 459
323 462
323 463
323 466
326 466
325 469
325 470
328 472
329 472
335 464
338 470
344 466
349 465
353 460
359 456
364 458
367 454
366 457
367 461
366 465
360 468
356 469
356 472
372 471
381 473
382 466
380 464
382 462
390 465
392 470
395 471
394 460
406 408
407 406
410 408
414 406
425 408
426 405
429 402
451 401
453 403
453 406
463 404
461 402
458 400
459 397
467 395
479 402
483 396
485 400
492 402
496 402
499 399
500 395
498 392
489 389
482 391
480 393
479 393
481 377
484 377
485 375
489 379
487 382
487 384
490 386
492 386
494 385
496 386
498 381
500 374
493 373
491 376
489 372
486 371
487 370
487 369
489 369
492 365
494 363
499 357
494 356
494 347
491 348
490 347
490 334
492 335
498 330
495 326
491 321
495 318
493 317
489 317
487 317
486 309
487 305
487 305
486 301
486 299
487 297
491 296
492 299
498 304
496 297
496 296
495 290
498 288
497 285
487 279
490 275
492 276
493 275
492 272
491 272
485 258
485 250
484 248
485 243
488 241
489 242
495 238
494 240
495 245
494 259
494 261
556 316
556 320
556 321
559 323
559 331
559 331
560 334
563 328
566 328
566 337
570 343
564 342
561 344
563 346
569 353
571 353
571 358
566 357
565 354
563 355
560 354
558 355
556 356
560 359
562 359
562 363
555 364
557 371
558 375
553 381
556 382
558 378
563 370
563 367
569 365
569 367
571 368
572 372
571 372
569 376
566 384
568 389
567 389
565 396
563 396
561 394
559 390
559 389
559 388
558 389
557 389
553 394
556 398
560 400
566 399
566 402
560 414
567 413
567 415
566 424
570 427
565 428
566 436
568 437
570 436
571 436
572 442
567 441
566 441
563 440
553 445
562 449
567 452
568 452
564 455
565 455
567 456
568 457
568 460
563 460
562 458
562 456
559 455
556 454
559 458
555 463
553 461
553 458
549 459
541 458
536 460
533 457
533 455
536 455
535 452
532 454
529 457
528 465
526 456
515 453
505 453
494 454
494 454
487 455
485 459
484 457
484 456
467 453
464 454
443 457
437 459
434 454
429 456
425 456
414 458
407 459
405 459
406 461
405 463
409 467
411 466
417 466
420 469
430 464
432 467
436 467
436 461
439 461
442 467
449 471
453 472
459 461
462 460
465 464
468 466
472 459
476 459
480 464
486 466
486 462
488 461
491 462
495 459
496 462
496 462
495 467
501 471
510 460
515 462
517 466
525 471
528 471
529 471
564 471
564 469
569 469
568 468
568 464
571 460
574 463
617 467
618 466
622 473
622 475
624 474
628 476
630 477
632 481
631 484
627 483
626 486
623 490
622 488
618 488
619 494
621 494
626 502
623 505
618 508
611 509
605 518
597 517
596 519
595 520
594 522
580 515
570 516
568 516
566 513
556 511
555 519
539 509
535 509
530 511
526 509
523 511
520 514
514 512
513 510
508 517
510 521
510 522
500 518
499 512
491 509
479 514
478 516
462 517
457 521
445 514
444 516
438 518
436 520
437 511
431 514
422 511
408 512
409 517
417 525
419 520
422 521
424 521
431 522
440 526
450 523
458 522
467 521
467 522
470 522
478 522
482 523
488 522
493 521
496 525
504 524
506 526
511 526
512 527
526 520
526 516
527 517
533 518
534 519
535 518
540 525
541 525
541 525
548 526
564 526
566 527
609 527
617 526
618 524
626 519
624 518
625 511
628 513
636 508
635 499
635 485
635 483
633 479
635 477
635 472
629 472
629 470
635 461
633 456
628 455
619 454
619 448
630 451
632 450
631 441
634 439
632 430
630 430
627 437
617 440
616 438
616 429
617 428
624 423
626 422
629 422
621 413
628 409
630 399
627 396
620 400
622 396
625 389
617 388
617 384
617 382
619 380
620 382
629 382
630 384
633 383
632 381
632 379
632 375
631 369
628 370
627 367
627 366
624 364
621 370
617 371
617 366
618 361
617 358
615 356
616 352
618 353
620 352
622 352
629 355
628 349
633 348
631 341
634 331
631 332
625 331
628 326
627 325
628 323
630 319
627 318
632 312
628 304
629 302
630 300
624 298
615 300
616 301
621 303
622 310
620 314
618 316
615 315
618 332
619 339
618 342
618 343
616 342
615 346
571 332
569 332
568 325
563 319
560 314
569 307
568 305
568 303
566 299
570 292
561 297
555 298
557 295
557 293
556 287
561 285
560 284
561 283
562 283
564 281
568 278
561 277
560 273
564 270
564 270
567 274
569 273
570 268
571 264
568 263
562 262
563 259
568 248
569 243
568 237
571 234
565 234
563 236
560 243
563 247
557 251
556 250
552 238
552 236
555 228
559 215
561 218
563 222
566 220
567 218
564 214
565 213
568 209
566 210
561 210
557 211
555 213
555 208
555 205
558 201
560 201
561 200
552 196
562 191
560 189
558 184
557 184
556 183
563 178
552 177
554 174
559 170
562 166
557 164
556 162
557 161
560 157
557 153
552 157
553 153
554 145
554 142
554 135
557 134
557 134
555 124
546 103
548 104
552 103
555 106
557 106
558 108
559 104
563 102
566 108
570 106
569 113
571 115
567 114
564 113
564 116
561 117
565 131
569 134
567 135
562 137
563 139
567 144
565 153
568 153
569 156
569 166
566 172
571 174
568 179
569 180
568 183
570 187
571 199
571 201
618 247
618 259
618 267
614 272
614 277
618 279
626 287
628 293
633 291
633 288
632 286
630 277
630 272
628 264
625 261
625 256
625 251
624 251
623 241
616 231
615 229
614 218
619 217
620 219
621 222
621 223
625 224
628 229
631 226
632 226
632 225
629 222
632 217
627 217
627 208
629 208
629 205
614 204
616 192
620 186
628 191
627 195
632 192
631 185
628 185
621 168
631 166
628 159
627 156
628 150
624 145
631 138
631 137
630 137
620 129
619 124
624 125
622 121
626 114
625 113
624 111
621 109
627 103
622 99
622 92
625 85
629 85
631 84
630 73
620 65
631 60
627 50
629 45
626 40
612 40
610 41
610 44
610 44
613 45
617 49
620 48
622 46
624 50
621 52
615 52
615 52
613 51
614 56
612 65
613 74
615 75
616 74
616 76
616 88
615 102
