40 68
35 68
34 67
34 64
29 64
30 67
28 70
26 73
28 75
32 77
27 78
24 76
21 78
20 82
29 86
31 83
39 82
43 77
49 77
50 76
50 79
52 82
48 85
47 90
44 97
42 103
38 107
38 109
37 110
30 109
36 106
34 100
29 99
22 99
23 100
24 103
21 103
22 106
23 112
20 114
24 115
31 118
34 118
35 125
39 130
45 135
48 136
54 137
56 143
54 148
44 144
41 155
38 158
32 156
31 164
33 168
37 173
43 164
49 168
51 168
54 169
56 167
54 162
52 159
58 164
61 165
60 170
70 165
74 161
76 159
77 157
80 154
86 153
94 146
94 139
99 140
97 138
94 135
92 133
93 127
87 128
84 132
79 136
82 141
75 145
71 144
69 129
76 125
76 124
76 123
74 120
71 116
66 116
69 106
71 102
67 98
60 97
62 92
57 89
62 86
64 81
65 75
68 73
64 68
52 63
51 67
48 66
44 55
37 55
34 57
27 55
27 54
30 51
24 49
24 48
24 43
32 43
33 41
33 38
27 30
27 28
22 25
33 22
34 22
39 21
43 24
46 33
51 31
53 28
57 27
60 28
61 28
65 28
80 23
86 22
98 24
101 25
118 22
130 21
129 22
129 26
128 30
123 34
122 36
113 41
110 46
109 45
105 42
104 40
102 40
96 45
94 38
84 35
83 38
84 45
83 46
86 49
88 55
82 54
74 56
74 54
73 54
68 47
68 40
73 39
72 36
72 36
68 36
62 38
59 45
60 51
61 53
60 52
57 49
57 50
54 57
66 61
72 65
79 64
83 71
89 68
89 67
96 62
94 58
101 56
108 60
112 63
110 73
111 75
112 81
118 78
118 84
122 88
125 81
132 77
133 77
137 79
137 68
136 61
134 59
134 54
131 53
135 51
143 50
143 53
142 56
153 57
156 58
157 53
162 58
163 61
163 62
167 65
161 70
159 66
156 70
152 74
153 82
163 85
164 81
176 77
178 69
177 57
174 53
166 47
169 41
167 35
160 40
154 45
153 45
153 34
149 39
147 40
146 38
142 28
147 30
148 28
149 25
149 23
154 26
154 26
155 27
155 28
165 26
170 20
185 34
189 27
188 23
193 22
202 22
204 21
209 23
212 23
210 26
213 28
221 26
221 29
225 29
223 37
222 49
217 54
213 48
215 47
209 37
203 32
205 30
201 27
192 36
195 39
197 41
199 49
195 45
188 44
181 43
188 56
187 57
194 62
208 64
212 60
210 68
204 73
201 81
197 83
200 88
204 86
205 83
206 83
208 80
212 81
214 72
228 62
232 65
240 60
244 61
244 60
242 56
236 52
240 48
243 48
243 44
246 40
253 42
262 44
263 48
263 49
263 49
266 45
273 45
286 46
290 41
293 40
296 36
300 35
306 38
299 42
299 44
301 45
300 51
299 61
296 61
299 70
305 72
309 74
310 78
313 77
317 76
320 77
316 84
312 81
306 87
300 83
292 90
298 91
307 95
309 102
313 110
303 111
303 109
301 108
298 105
295 105
291 98
289 98
287 90
291 87
290 80
283 74
284 65
281 63
273 65
266 63
272 75
271 77
278 81
270 95
264 91
266 86
254 78
258 71
257 70
253 68
250 68
230 75
230 82
226 86
226 88
221 94
226 102
233 96
236 100
239 98
240 93
237 94
233 91
233 91
237 86
240 85
243 77
248 77
248 83
251 82
254 88
255 89
258 94
257 102
260 104
262 105
263 101
266 104
266 106
269 110
275 114
276 115
274 120
275 125
272 120
270 121
265 124
266 125
266 131
262 130
259 131
256 133
253 138
250 135
243 140
239 135
234 137
229 135
230 150
224 148
209 143
211 139
214 138
222 139
223 133
223 132
216 128
214 130
202 137
202 139
204 139
203 145
201 151
204 150
208 148
217 150
223 155
225 156
217 165
222 167
226 172
226 175
220 177
219 180
216 172
211 171
207 181
205 185
200 184
191 189
186 181
188 175
187 174
181 172
173 169
169 162
169 160
156 158
153 159
148 158
147 158
144 160
147 165
150 167
150 167
154 166
159 168
160 175
163 179
172 178
174 184
174 185
182 190
188 195
177 203
171 203
165 202
163 200
161 209
160 213
154 216
150 211
146 211
145 216
146 217
144 222
136 223
132 224
133 227
131 232
128 236
124 237
125 234
119 226
114 230
113 236
109 240
110 241
116 242
112 248
108 249
103 251
92 253
87 258
69 266
60 270
56 270
65 274
63 276
59 284
65 290
58 295
57 293
55 294
50 292
43 296
44 284
48 283
54 286
52 279
50 277
49 275
47 272
42 274
44 264
47 263
49 261
55 260
60 257
64 253
63 251
71 252
72 252
78 244
79 235
84 234
87 228
91 230
92 222
88 219
87 216
88 216
95 212
95 214
94 217
98 218
101 221
107 219
108 217
112 216
113 213
115 214
118 211
114 203
105 200
101 197
99 193
97 192
98 190
100 185
94 183
90 192
84 197
83 194
80 192
81 190
73 188
71 184
71 186
70 189
67 195
63 197
67 206
66 215
61 214
58 214
54 219
49 214
48 213
48 211
45 217
47 227
46 231
44 232
52 237
51 242
49 250
47 243
42 241
40 241
38 236
34 233
37 227
37 222
29 226
27 223
23 230
27 235
30 237
38 248
39 261
31 264
26 264
26 262
23 256
22 261
22 271
22 272
34 282
30 283
29 286
25 290
24 293
32 290
33 290
35 296
39 302
27 305
31 315
21 313
21 323
29 324
27 338
24 341
31 343
36 339
35 347
37 351
34 351
31 355
29 359
29 364
28 368
30 377
26 379
30 380
40 382
41 385
46 387
39 394
45 398
46 400
39 404
25 394
21 398
20 405
24 407
25 411
24 413
33 413
47 418
49 425
50 427
49 427
39 440
38 441
41 448
31 450
25 452
27 454
28 461
29 464
35 472
33 474
31 477
24 476
23 477
22 491
27 488
27 489
29 492
27 499
27 505
25 508
26 509
27 510
24 511
29 514
26 519
34 520
39 521
41 530
43 532
47 529
52 531
51 534
55 539
63 538
65 538
74 538
74 531
75 526
80 526
82 521
78 517
74 514
71 511
68 514
69 516
64 520
62 517
62 511
68 508
64 497
57 494
63 489
56 484
55 474
59 472
57 468
51 470
50 468
47 466
43 466
42 464
49 459
50 461
59 459
65 461
76 459
83 462
84 459
86 454
86 451
86 447
86 446
84 444
80 451
70 442
63 442
62 441
59 437
58 434
62 433
58 425
67 418
70 426
75 432
75 433
76 435
82 432
82 430
85 430
88 430
90 433
91 434
92 436
94 442
93 447
101 447
102 449
112 454
115 449
118 453
119 460
122 460
123 459
124 456
130 463
132 452
140 457
142 456
148 451
147 450
136 441
136 440
129 438
128 442
121 439
117 439
121 433
114 428
108 427
107 432
104 430
103 427
96 428
90 424
92 424
98 422
99 417
91 405
87 398
95 394
96 397
100 397
101 392
107 398
110 392
114 394
117 396
118 401
110 404
118 408
113 412
109 412
108 413
106 415
108 416
112 419
120 417
126 422
127 426
141 423
136 417
144 412
146 413
148 412
152 411
155 416
158 430
154 435
159 439
160 444
171 441
177 440
191 441
194 437
195 436
197 440
202 441
206 438
204 436
201 430
199 431
194 431
194 421
190 420
185 415
190 411
189 403
191 403
191 401
192 401
191 393
199 394
200 400
202 406
197 408
202 414
207 412
210 409
216 406
223 412
223 416
222 419
219 419
217 420
219 425
218 429
227 434
221 442
228 439
233 440
240 435
234 430
237 427
238 425
237 422
240 421
244 415
245 411
240 404
240 393
239 396
237 400
236 405
231 403
233 400
230 395
232 392
227 387
236 381
243 382
244 384
245 382
247 381
248 383
249 389
245 390
246 392
248 399
256 400
259 398
256 395
258 394
262 387
268 383
269 376
276 373
279 378
281 372
278 370
271 368
271 361
269 355
268 356
268 357
265 357
264 350
267 350
272 345
267 334
266 332
266 328
277 328
277 334
282 332
282 327
285 325
285 318
289 316
289 313
284 312
287 305
294 304
295 305
298 306
314 306
314 312
316 315
318 314
321 309
325 303
320 299
309 293
306 296
303 292
306 291
308 289
308 285
311 287
317 286
314 281
306 274
308 269
307 267
309 264
315 257
323 265
329 265
331 263
330 259
324 249
324 242
322 236
320 236
320 236
320 237
316 237
310 239
307 234
312 230
324 225
329 227
331 234
332 237
338 235
342 235
345 233
343 228
347 229
348 224
341 221
332 223
330 221
328 216
327 209
320 206
317 208
315 203
313 204
310 208
307 203
301 197
299 200
294 203
290 208
292 210
290 212
290 214
300 213
301 211
305 213
297 219
296 229
292 227
282 230
276 229
274 226
273 229
269 230
272 237
292 241
293 241
286 245
287 246
287 249
285 256
288 257
290 258
295 261
301 264
300 269
292 273
288 274
284 269
286 262
288 261
284 260
279 255
273 257
265 249
261 242
259 241
255 246
255 256
259 258
256 260
257 261
254 270
260 273
254 278
246 277
246 271
240 263
238 261
228 262
227 262
225 265
222 266
219 270
219 277
214 276
211 281
214 287
213 290
207 289
202 289
196 288
194 293
192 290
188 286
189 279
193 278
198 275
204 267
206 267
206 261
213 256
210 250
208 250
212 243
214 241
212 240
206 234
202 234
204 227
202 226
199 229
193 226
190 233
185 229
180 231
176 218
177 218
180 214
180 217
182 222
184 221
190 220
191 217
191 217
196 210
190 206
194 205
197 207
203 205
207 203
212 207
211 211
211 214
219 219
214 220
212 222
213 226
217 225
222 229
225 230
226 228
224 226
226 220
228 217
232 213
234 212
239 217
240 219
245 218
248 214
247 205
243 202
245 197
250 194
254 195
263 201
263 202
274 206
270 202
267 200
265 195
263 184
269 184
268 188
270 191
275 196
280 197
281 194
285 193
286 197
287 198
290 197
290 192
298 187
299 186
301 183
302 176
310 174
313 175
312 170
310 163
309 159
310 154
308 155
301 169
297 169
294 164
292 159
293 154
296 153
299 150
299 148
298 143
297 144
294 143
294 145
291 145
287 144
288 143
288 140
287 133
287 122
284 116
289 111
290 110
293 112
294 119
293 121
291 121
292 122
295 125
299 123
304 126
304 121
309 117
312 120
320 122
323 125
331 128
334 124
343 130
344 130
337 135
335 140
332 148
333 154
323 153
318 155
325 164
327 169
323 168
318 172
329 182
336 181
339 182
342 180
342 179
340 162
344 166
350 166
351 159
357 155
360 153
363 151
358 146
354 142
359 136
363 138
364 144
366 143
373 140
372 139
374 136
374 132
368 134
364 122
362 118
359 118
354 120
348 119
352 111
352 110
354 109
364 113
374 118
377 114
384 118
384 121
388 118
390 121
398 115
408 122
417 123
419 126
422 135
425 141
430 145
425 149
419 144
411 144
411 139
413 134
410 132
404 140
402 146
401 149
402 153
405 151
412 158
412 159
413 165
414 165
417 170
418 176
423 177
423 180
422 185
423 189
415 184
410 191
404 189
400 190
397 187
396 185
391 185
382 187
374 187
367 184
360 187
350 187
347 187
341 188
344 193
348 195
350 196
350 196
348 197
342 196
332 193
330 200
333 205
336 204
338 202
340 199
344 201
342 203
343 209
350 211
350 212
359 210
363 206
364 204
365 208
373 211
373 211
364 227
360 228
359 222
358 220
352 226
353 232
350 238
341 247
342 247
351 251
355 249
354 248
354 247
354 243
359 238
366 236
368 243
378 248
376 252
375 256
374 257
382 256
390 253
388 251
392 245
387 244
390 236
379 233
377 230
377 228
381 227
381 222
383 215
385 213
385 209
392 213
395 209
397 206
403 206
406 212
412 212
415 219
410 220
409 222
407 226
400 222
394 223
388 221
387 223
399 230
402 234
402 235
409 245
415 246
429 247
425 236
417 230
429 223
425 218
429 211
435 204
435 202
434 191
432 186
432 185
438 178
438 175
437 167
440 164
448 166
448 159
453 159
459 156
463 151
465 154
468 151
472 148
472 144
474 141
473 140
471 138
464 136
466 130
468 126
464 124
459 123
455 121
456 114
458 113
457 113
453 112
446 122
443 121
439 121
438 122
436 120
435 126
431 122
425 120
422 121
422 117
421 114
420 112
415 109
414 105
415 105
417 103
420 96
419 95
421 93
421 90
422 88
428 90
437 91
438 89
446 84
450 83
454 75
458 72
458 70
464 69
474 66
479 72
483 71
486 67
491 68
493 70
492 75
488 82
482 80
475 76
474 76
471 81
473 90
476 87
480 85
481 87
489 89
494 93
493 99
488 98
485 103
483 105
481 109
475 110
485 119
491 119
494 118
496 116
498 118
500 122
496 130
488 125
486 130
479 137
482 146
481 149
480 153
482 153
486 153
491 157
492 155
496 157
500 161
501 153
506 151
505 148
507 145
509 141
513 139
523 141
525 147
520 152
524 158
520 160
514 167
519 173
522 169
527 171
535 164
535 162
541 159
538 156
534 153
544 149
550 153
555 153
556 158
557 159
554 161
548 164
541 168
535 183
527 191
522 195
519 190
518 195
517 197
512 195
515 188
519 187
523 181
521 183
518 185
511 184
507 179
505 177
504 187
497 184
492 184
493 179
490 176
485 179
485 182
483 184
481 185
478 183
474 185
473 188
463 192
459 186
456 186
453 178
447 180
447 186
444 192
455 200
452 206
453 209
453 211
453 212
447 221
450 228
451 237
452 236
457 235
460 233
461 237
466 233
469 236
469 239
466 244
457 245
458 249
457 257
459 263
463 260
469 267
473 264
480 263
484 262
493 260
496 257
493 251
493 244
489 240
491 237
497 233
499 222
501 220
511 226
509 216
509 209
513 212
519 208
526 208
527 201
529 200
529 201
535 202
542 202
542 196
549 189
548 188
549 186
553 182
558 176
561 167
562 163
565 164
569 163
568 158
570 147
568 147
568 145
563 140
566 139
575 138
584 136
592 133
587 130
581 129
583 127
582 126
584 124
585 116
587 105
592 106
601 108
598 113
602 122
605 128
603 129
604 131
606 132
616 130
615 125
611 121
613 114
617 107
617 105
622 108
622 100
628 102
633 110
639 116
634 116
634 118
629 120
632 122
639 124
637 131
635 135
632 142
630 143
628 140
623 147
619 139
612 138
614 143
614 143
610 145
601 156
590 150
587 147
582 146
580 149
579 153
585 163
595 166
591 173
591 187
588 189
583 183
574 179
571 179
574 190
575 190
575 191
573 192
571 194
568 190
568 191
565 194
564 194
562 189
559 184
557 184
559 188
558 194
560 197
553 197
559 207
560 210
560 213
563 209
574 215
574 219
579 219
580 211
578 205
580 202
583 202
591 206
593 202
599 205
598 200
603 197
605 197
610 195
605 192
605 172
611 173
613 164
616 166
620 170
621 174
625 173
625 171
624 168
626 166
628 166
626 158
629 160
636 161
632 171
628 175
629 177
628 178
627 181
626 182
619 184
620 190
639 193
639 204
634 208
629 201
629 198
622 197
615 205
612 209
614 216
619 214
620 221
633 221
639 232
634 233
636 239
638 240
637 251
636 266
638 267
638 278
638 280
634 282
638 287
637 288
630 294
631 302
634 310
636 313
633 322
632 321
626 324
626 322
624 322
614 325
608 321
609 320
607 317
601 319
600 320
595 318
590 318
586 320
585 318
584 313
587 309
592 310
594 307
594 304
591 302
597 287
597 294
599 297
603 297
607 307
603 308
600 309
601 314
612 312
613 305
618 296
613 293
609 285
609 283
605 282
587 272
578 268
577 275
569 275
567 272
565 273
562 265
565 263
571 263
577 259
578 260
582 262
582 260
584 250
585 257
588 261
591 270
592 270
599 270
604 267
605 262
610 273
615 269
619 269
615 282
618 282
621 289
622 290
626 285
628 285
632 259
629 257
629 257
625 258
624 244
627 239
624 236
621 235
617 231
617 227
613 228
609 235
617 244
612 244
608 242
605 241
603 248
597 249
600 242
596 231
601 231
601 228
604 222
601 220
596 214
595 222
585 234
579 236
579 238
576 237
570 233
571 237
571 239
573 244
570 244
563 246
564 255
561 257
559 258
558 260
558 264
554 263
554 263
550 259
548 255
551 255
555 245
555 241
552 240
551 236
552 234
542 236
542 230
537 225
534 224
532 227
518 231
517 234
515 236
513 236
514 243
513 247
513 248
512 251
520 254
519 261
516 265
508 271
513 274
514 275
523 286
514 289
503 286
501 296
499 297
491 295
488 294
484 291
487 286
493 282
495 280
499 274
492 277
491 278
486 277
479 276
475 277
476 283
474 292
469 292
472 294
473 294
473 302
477 304
480 302
486 300
494 304
496 310
496 312
490 314
485 324
480 328
473 322
473 318
472 315
471 312
469 314
463 316
458 320
459 325
463 329
468 328
466 336
470 336
470 344
467 350
471 349
475 353
476 353
476 346
484 337
488 344
495 353
497 353
500 348
500 347
501 347
506 347
508 347
508 351
504 352
505 355
510 356
513 351
513 343
519 347
526 343
523 350
524 352
532 353
537 357
545 354
549 350
550 349
554 349
568 348
561 342
562 332
552 329
551 325
548 324
546 327
544 335
533 336
533 328
527 328
526 327
524 325
524 322
523 320
516 327
516 331
503 338
503 331
493 331
502 317
509 315
511 312
507 306
510 305
509 300
516 302
523 299
522 302
521 308
521 314
523 314
527 310
525 306
529 304
530 300
536 307
538 297
533 292
536 289
533 284
533 280
539 282
552 284
553 285
547 287
542 290
547 296
549 301
550 299
557 299
565 294
566 294
567 288
568 286
572 285
573 282
577 284
581 288
582 289
587 290
584 294
579 300
573 300
569 303
572 303
576 305
577 309
579 309
578 311
577 311
573 312
572 312
572 312
570 316
561 313
558 311
552 310
549 312
554 322
558 324
561 324
562 319
564 322
569 324
565 330
571 337
580 325
582 328
583 326
587 326
587 328
588 330
595 334
602 331
610 340
616 341
618 348
620 358
625 358
627 359
630 363
630 367
636 368
631 378
630 377
628 377
627 382
630 385
634 391
639 394
636 407
633 405
633 407
632 407
631 413
632 415
636 423
633 426
630 430
630 432
627 436
624 436
619 438
621 442
616 444
611 442
607 438
604 436
607 431
610 426
615 423
608 416
604 408
610 407
609 404
621 402
623 397
623 395
622 393
625 390
617 382
610 387
602 387
599 392
601 396
590 392
589 396
585 401
584 400
582 402
588 407
591 409
587 416
595 417
600 422
594 430
591 435
589 447
584 446
580 455
585 454
588 461
586 463
583 463
588 476
591 477
594 480
598 490
600 494
601 494
600 496
605 499
613 499
615 490
614 485
616 484
613 478
611 472
607 475
606 470
605 461
605 451
613 455
614 455
621 454
618 461
617 469
623 482
631 480
635 489
631 494
626 490
623 494
630 504
631 504
633 502
636 504
626 513
637 516
638 519
633 526
630 531
630 531
632 534
634 536
639 538
624 537
620 536
621 530
619 530
615 525
612 520
609 529
608 527
605 526
603 519
608 513
609 511
612 510
614 511
619 511
610 508
590 511
588 516
592 520
591 525
589 526
589 529
591 532
591 537
585 539
582 536
585 534
581 527
578 530
577 529
574 527
574 536
565 533
565 533
565 527
559 525
554 526
536 538
523 529
520 526
504 536
502 531
501 527
498 519
492 517
489 518
487 520
490 522
487 525
492 526
496 533
490 535
481 531
480 527
480 527
474 530
473 536
466 537
459 532
465 526
468 527
470 517
470 514
473 511
477 509
477 505
480 505
482 507
489 507
492 503
493 497
488 493
485 491
482 497
481 496
478 494
474 496
475 499
471 504
470 507
468 502
467 497
467 491
468 489
467 489
462 491
460 488
457 487
454 488
451 490
453 496
460 497
458 501
452 505
448 507
446 501
444 503
437 503
435 501
429 504
423 504
417 505
422 509
421 514
429 511
443 512
440 516
444 522
448 519
451 517
455 510
459 511
458 512
458 522
458 523
449 532
449 535
429 539
434 527
429 524
425 525
418 529
419 532
420 538
410 530
414 524
411 519
408 520
403 523
393 522
394 529
394 533
391 536
386 536
373 536
367 535
371 531
371 529
367 526
364 527
361 534
358 538
356 539
354 539
354 536
342 539
333 530
332 525
341 526
348 523
341 517
336 509
331 509
330 505
324 509
318 509
317 512
314 514
309 521
306 525
314 526
314 537
312 537
309 532
301 532
298 534
297 539
286 537
282 535
280 534
283 530
276 519
271 521
269 523
270 530
272 537
262 537
256 538
252 537
252 534
253 533
259 525
256 521
249 523
240 525
235 522
240 514
237 509
237 507
234 508
235 506
238 497
235 483
222 488
225 494
223 497
217 496
217 497
215 498
207 500
207 499
203 497
202 500
207 509
204 510
205 513
206 515
200 521
199 521
196 522
193 518
188 511
193 508
196 503
196 499
194 488
191 480
189 480
183 483
166 480
166 476
158 473
157 477
155 480
154 483
151 484
150 490
148 492
139 498
144 507
152 506
161 506
163 507
166 508
166 504
162 501
161 494
163 491
171 492
169 496
175 499
178 506
180 505
184 508
180 515
176 517
173 526
175 528
171 528
169 527
168 528
159 526
160 535
153 532
149 527
152 521
157 521
160 515
156 515
155 516
153 511
150 513
149 514
148 515
145 515
143 518
141 527
138 529
139 535
127 537
120 536
120 528
125 526
120 525
117 521
115 522
113 523
111 528
110 530
110 533
101 528
91 533
90 538
89 534
90 532
89 529
87 530
87 528
97 518
102 514
104 517
108 514
99 496
105 492
114 503
114 505
117 513
132 517
140 513
135 510
135 511
130 513
129 513
127 508
131 505
135 500
128 497
122 495
122 491
119 491
114 493
112 486
105 483
99 483
97 482
93 483
92 486
92 491
90 491
92 496
89 500
83 502
80 494
85 488
72 483
75 478
72 476
70 474
69 470
76 470
82 473
92 470
98 470
105 474
110 464
111 464
114 467
124 466
121 470
118 481
121 481
124 479
130 482
132 490
134 493
138 490
148 478
156 463
156 459
158 460
164 454
174 454
176 461
184 463
189 466
190 466
190 464
193 462
190 454
197 449
203 452
207 461
208 471
205 468
204 468
200 469
202 473
203 480
204 488
209 488
211 491
211 485
211 478
217 473
219 480
221 478
226 479
232 475
235 470
239 472
238 477
244 478
244 483
248 482
249 488
245 488
242 490
244 494
245 496
249 501
252 507
256 508
261 503
263 503
260 500
262 500
267 497
273 501
275 503
277 503
278 503
282 508
287 514
288 514
290 516
292 524
298 522
299 520
304 513
310 513
314 508
320 503
323 502
325 497
321 495
320 497
317 495
312 495
311 498
309 498
310 496
311 490
306 487
310 484
316 483
319 482
318 471
327 474
332 477
342 473
343 469
345 468
349 472
348 476
343 481
343 490
343 490
344 493
340 495
336 498
338 503
344 503
351 497
355 497
355 494
361 495
363 495
367 504
365 504
364 505
362 505
363 506
366 515
360 518
369 521
374 503
374 497
374 497
373 487
382 486
382 481
376 478
371 483
368 482
367 475
365 472
362 476
359 469
365 464
373 465
372 462
374 461
375 464
384 465
383 474
385 482
388 482
391 478
395 483
395 487
396 497
390 491
387 492
384 491
388 495
387 503
382 510
385 510
389 511
389 508
405 509
410 513
410 509
409 509
410 501
410 491
410 485
401 483
403 477
402 475
402 471
402 466
410 466
411 468
414 473
418 470
420 470
420 472
419 473
418 481
414 482
414 485
425 487
428 493
430 489
429 481
429 480
433 480
429 475
429 472
431 471
433 468
439 470
442 466
448 466
448 459
450 456
455 467
459 466
465 464
466 463
465 462
466 458
463 453
460 449
472 442
475 437
477 435
477 435
482 439
488 442
491 440
496 433
503 440
502 445
501 458
509 467
510 467
508 473
508 475
500 478
501 484
499 488
497 489
493 489
501 495
504 499
506 494
508 492
517 491
522 489
522 487
523 487
525 493
529 495
531 498
523 501
520 504
515 499
504 508
500 506
500 514
506 518
507 521
510 524
512 521
517 518
517 513
521 516
523 512
527 514
524 520
526 522
532 528
535 527
535 525
536 525
537 518
540 516
543 511
552 515
551 512
557 506
559 510
561 514
561 517
571 518
572 516
567 508
571 507
571 503
572 503
577 498
582 497
583 499
587 502
586 492
577 481
575 476
562 475
559 474
563 478
567 482
563 484
558 486
568 489
571 499
566 503
559 500
549 492
546 498
545 494
539 492
537 478
547 476
550 463
557 463
561 460
569 463
573 459
573 458
567 448
562 445
555 451
552 450
546 447
539 455
545 463
544 467
539 470
538 471
534 473
536 468
535 461
531 458
523 462
518 459
514 461
509 454
514 454
524 449
527 434
527 432
518 428
513 425
516 423
528 419
535 425
540 428
537 429
537 436
535 443
537 445
541 442
544 442
544 440
552 441
551 434
551 433
551 424
559 424
559 426
569 428
573 428
574 432
578 433
578 438
581 438
584 440
586 437
587 433
573 418
562 410
558 401
562 394
561 390
558 389
557 388
555 382
561 377
564 372
568 370
574 374
574 370
578 369
587 373
590 372
588 369
595 363
591 359
594 359
603 364
605 359
604 357
601 356
606 352
604 347
601 347
601 345
597 339
593 338
587 344
582 344
587 350
583 354
579 353
577 360
572 362
570 360
568 363
561 364
557 365
546 365
540 364
533 364
531 365
528 365
527 363
523 356
520 357
522 358
525 368
526 380
523 383
517 385
519 388
517 389
509 387
505 390
503 385
495 386
494 389
493 395
490 394
488 393
486 391
481 388
478 398
473 398
470 395
468 394
468 398
460 401
461 405
463 407
463 411
459 410
459 410
456 406
455 407
453 407
450 416
455 422
443 421
440 414
438 413
438 407
440 403
442 404
443 402
439 401
436 399
432 402
423 405
423 413
424 414
429 414
435 416
436 420
431 420
430 429
435 429
435 438
443 430
444 428
450 431
444 443
437 450
432 455
432 456
430 456
419 459
415 456
413 456
409 458
410 447
410 443
407 443
406 442
409 440
408 438
407 433
405 428
415 430
414 432
413 435
414 439
415 436
419 434
415 423
408 413
411 411
411 409
415 406
415 399
410 394
405 392
400 393
397 392
393 397
394 402
392 403
389 407
384 406
376 409
377 411
380 415
380 415
382 421
386 420
387 421
389 423
386 425
375 424
371 425
372 426
372 432
377 438
378 436
382 430
387 430
385 438
397 440
396 450
391 446
381 449
381 448
380 447
373 449
372 446
364 442
358 434
357 435
354 437
353 435
352 429
350 426
346 430
347 426
347 423
344 419
340 421
339 424
342 424
342 430
333 441
331 443
326 451
331 451
335 460
334 459
334 459
329 457
325 457
321 461
316 459
