542 421
545 417
540 417
539 416
539 416
540 412
546 411
550 406
551 400
546 397
544 402
541 404
535 398
534 399
533 400
531 396
526 394
527 399
533 413
536 423
531 420
530 421
526 423
522 426
524 428
524 429
519 433
523 436
524 442
522 442
513 443
511 441
509 437
512 433
501 429
488 439
487 439
490 435
490 435
490 427
498 423
505 425
508 422
510 416
514 421
514 425
522 419
520 416
523 409
518 409
517 406
514 409
513 412
506 408
505 409
440 379
429 369
423 369
423 365
424 355
425 350
435 351
442 345
444 347
446 347
447 350
447 355
445 363
455 353
456 326
446 311
443 319
437 319
437 314
436 310
434 309
432 308
430 303
428 301
428 297
428 296
435 294
437 294
442 296
448 296
447 290
449 288
439 284
438 274
431 269
430 275
432 277
434 278
435 280
434 281
433 284
430 289
427 288
425 285
427 284
426 279
423 278
426 275
423 272
423 258
438 256
435 251
425 250
423 248
426 242
429 243
431 240
434 233
424 228
411 226
408 235
411 243
392 233
396 241
395 253
396 265
397 266
402 269
404 270
409 268
413 273
417 273
414 280
414 281
414 282
408 283
409 280
406 278
395 275
395 293
396 293
408 296
409 289
410 290
416 290
418 292
422 294
414 299
410 304
415 302
420 306
420 311
415 311
418 320
418 323
425 323
426 323
427 324
426 326
428 333
430 336
431 339
433 338
435 339
431 341
425 339
424 340
423 334
414 327
410 333
405 334
414 338
418 341
419 343
418 348
414 346
412 351
409 347
408 344
404 349
394 353
389 354
388 348
391 345
390 341
389 340
377 351
373 350
367 352
363 352
353 359
367 353
375 354
378 359
381 358
383 363
386 365
389 368
392 369
397 375
393 366
395 360
397 359
409 357
415 359
417 360
417 362
410 362
410 368
408 370
416 372
417 372
420 376
427 388
424 387
417 382
410 385
407 380
400 385
398 389
396 395
393 395
386 397
383 401
380 389
384 384
381 382
380 379
381 378
383 378
387 380
388 381
388 380
381 372
376 374
376 365
368 366
370 371
373 373
375 377
369 382
367 385
374 383
375 383
378 384
378 389
377 390
373 398
371 396
361 402
358 402
348 400
337 408
327 410
328 408
337 402
337 395
330 396
333 391
333 385
332 383
336 381
337 381
336 372
341 379
342 384
344 393
352 391
357 389
361 395
362 396
366 393
360 380
356 375
354 371
352 374
347 370
350 365
341 352
334 346
332 346
328 344
321 338
320 339
317 349
314 354
319 356
322 361
328 355
331 352
334 359
339 358
340 362
336 367
336 369
335 369
333 370
333 366
329 367
330 369
330 371
326 370
323 370
324 378
325 385
322 389
319 390
320 386
315 382
319 379
318 375
313 376
308 380
304 378
303 386
301 391
303 392
304 394
297 393
292 390
291 390
294 387
295 375
295 370
298 373
303 372
306 374
305 371
309 368
312 364
309 362
307 357
306 356
301 354
300 355
293 355
291 355
289 357
291 358
296 362
291 365
282 374
283 367
281 364
282 364
285 360
281 360
274 353
276 350
278 350
274 345
275 343
272 344
272 341
267 342
266 338
269 339
271 338
271 333
262 330
259 345
261 352
189 363
185 364
181 368
171 368
170 363
172 363
173 344
174 337
172 331
177 336
177 338
185 336
188 331
182 329
186 325
190 319
182 321
179 319
177 317
173 315
170 313
164 317
162 329
163 334
153 335
142 339
145 329
140 325
140 318
140 313
144 319
151 322
149 316
150 314
149 306
159 304
167 301
169 304
169 305
174 302
176 307
181 312
184 314
185 292
187 290
187 287
190 285
187 285
178 289
173 284
162 287
157 286
163 285
168 281
173 276
187 272
183 268
174 262
180 253
186 247
188 247
195 247
197 241
195 240
195 237
181 242
144 252
146 258
152 260
162 272
157 274
151 274
143 283
143 283
147 287
141 293
98 232
102 227
97 225
102 217
94 221
93 229
90 233
90 238
80 240
73 254
73 246
70 239
54 240
58 229
53 225
47 209
59 212
60 213
62 210
70 215
68 217
71 223
78 225
81 229
84 224
86 225
87 223
91 210
92 206
94 204
95 204
97 205
97 208
101 204
105 204
107 208
113 205
107 197
108 197
115 189
111 185
107 182
106 184
102 182
102 187
99 185
94 187
97 189
97 189
100 189
100 190
100 194
98 196
97 197
97 201
90 200
86 204
85 205
85 206
83 207
82 209
78 218
74 213
78 209
82 205
79 202
74 203
70 205
72 201
74 199
80 198
78 195
71 189
71 184
72 181
72 180
74 182
75 186
79 184
79 188
84 190
85 194
89 193
87 191
90 186
93 180
94 177
96 176
100 174
97 171
96 167
95 169
89 172
87 171
77 177
77 177
70 173
74 172
79 170
79 168
77 158
86 164
91 165
92 166
95 163
96 161
99 164
101 162
101 162
102 164
106 161
109 166
105 167
108 172
111 178
116 172
115 166
114 164
117 166
117 165
121 162
115 161
109 156
101 153
99 148
98 150
90 157
87 155
83 150
84 142
95 133
100 140
97 142
106 149
107 145
112 145
112 150
111 153
111 153
114 151
115 151
124 150
126 151
130 149
131 159
132 163
133 166
131 170
123 175
121 178
117 183
128 187
143 158
140 141
131 137
130 138
122 132
114 135
114 136
108 137
108 125
119 123
122 125
123 127
128 122
129 121
129 122
128 128
135 132
135 133
144 134
145 131
147 128
143 126
146 119
152 121
159 124
159 135
162 133
169 128
164 121
161 119
164 119
175 116
176 117
180 118
180 116
184 116
185 111
190 110
186 109
182 108
183 105
175 106
175 107
169 106
166 104
168 97
167 92
161 89
157 92
155 93
154 92
153 84
150 81
150 83
150 83
146 86
147 88
147 89
149 92
149 94
152 99
154 97
156 100
158 100
156 106
162 108
163 105
164 107
165 110
164 112
160 114
157 112
153 115
151 112
144 116
143 113
142 109
135 112
134 103
124 108
113 110
125 95
125 92
127 91
144 99
145 99
140 87
141 73
159 54
172 50
172 65
173 67
172 69
163 76
163 77
172 81
173 84
179 79
181 73
182 73
181 68
183 64
201 49
211 52
209 59
207 61
206 61
204 58
198 60
199 63
196 65
196 68
194 69
197 74
202 69
207 75
205 83
204 84
202 88
196 90
193 87
193 83
189 88
189 92
185 92
178 94
177 99
177 101
182 100
186 97
189 96
194 95
200 93
203 98
224 176
231 186
240 185
234 193
238 196
241 198
240 204
236 208
238 210
232 213
231 210
228 212
224 213
222 213
219 207
226 203
225 187
224 187
223 186
221 189
214 191
205 202
198 208
200 212
205 215
208 213
210 213
213 213
221 227
226 221
227 225
231 226
231 227
228 231
226 229
221 229
218 227
215 222
206 219
196 228
199 228
202 230
201 234
211 231
212 235
210 236
207 236
204 241
203 247
204 248
200 253
196 254
195 259
202 266
208 256
215 265
215 269
224 259
220 256
221 247
229 249
229 248
244 229
251 217
241 219
239 215
242 210
245 209
249 206
247 200
252 194
254 200
261 197
261 200
263 201
257 222
260 231
309 246
292 253
294 256
290 262
292 269
286 268
285 275
279 280
287 282
284 285
282 286
275 289
279 294
283 300
281 302
278 302
273 304
274 307
273 310
269 313
267 306
266 301
265 301
259 308
256 313
259 313
265 317
268 323
269 321
271 318
277 316
281 316
281 321
279 326
279 328
277 330
278 331
284 330
285 327
286 325
288 325
289 331
288 334
286 334
287 337
291 344
295 342
296 339
295 337
299 338
303 338
301 349
301 350
306 345
307 344
313 343
311 340
309 337
301 332
300 331
297 330
301 324
310 325
311 320
317 314
315 314
306 312
304 316
300 317
297 320
295 321
292 318
294 316
285 308
294 302
299 302
302 303
304 304
304 306
318 305
319 297
315 294
313 298
313 299
311 299
308 298
302 300
297 299
293 293
290 290
297 291
304 291
309 292
322 281
312 280
305 286
303 286
301 287
295 284
297 271
301 262
303 263
307 263
306 269
309 268
315 263
314 254
321 255
326 253
323 250
324 216
330 225
333 224
342 221
345 218
337 206
341 207
346 208
357 205
358 211
358 216
361 219
357 229
361 238
366 233
367 232
378 236
379 241
380 244
381 242
383 238
383 235
386 232
382 227
377 225
377 220
377 217
375 218
372 221
369 217
369 210
385 203
390 215
392 219
397 222
396 216
397 206
383 190
370 197
358 188
353 194
346 193
341 193
330 207
328 204
330 196
323 191
321 195
323 198
324 201
322 200
318 200
307 203
303 198
289 196
287 187
274 182
273 187
268 193
267 188
262 186
261 182
256 181
256 177
254 178
248 175
242 174
252 173
255 169
270 168
276 148
288 153
285 158
279 163
276 173
279 176
283 179
286 176
290 175
294 180
303 191
310 189
310 189
306 182
305 176
314 182
316 182
315 181
316 177
318 180
324 184
330 187
332 179
329 176
321 174
317 173
311 163
319 159
309 151
304 153
302 151
297 97
309 94
320 93
334 98
339 94
342 91
353 94
362 96
359 88
362 83
357 86
355 83
340 80
339 80
333 79
330 77
336 73
337 67
336 63
333 66
328 66
327 73
326 73
325 70
311 66
317 63
323 62
321 60
317 53
315 56
308 56
307 52
304 52
302 52
302 54
303 57
304 60
302 59
299 59
299 53
299 52
297 51
290 51
275 60
279 59
285 59
289 62
291 68
296 70
295 68
297 65
298 67
302 68
303 71
308 73
311 72
312 77
320 83
323 85
317 88
314 85
314 83
310 82
310 83
310 85
308 88
306 87
304 85
295 82
294 83
292 84
289 89
275 88
284 80
288 79
291 78
290 76
289 76
285 76
282 71
281 75
278 80
278 80
272 82
272 81
273 80
274 75
271 75
270 75
265 65
266 64
265 59
258 73
259 76
263 82
267 87
269 88
271 87
272 89
271 90
270 90
273 93
272 98
265 91
263 89
256 85
254 85
251 82
245 77
237 79
227 77
223 83
231 93
237 98
234 100
221 102
206 97
206 92
209 90
211 92
216 92
217 93
216 83
216 81
213 77
211 62
215 56
220 55
220 53
226 53
224 60
221 61
223 63
226 63
226 68
226 69
225 72
224 74
232 70
238 59
246 61
241 57
240 55
242 49
244 51
248 52
254 60
255 56
265 50
267 50
272 53
276 53
276 46
280 46
281 43
287 47
295 44
299 44
312 43
313 43
315 42
320 45
327 50
332 54
342 40
350 44
352 49
346 52
348 61
352 64
346 67
346 69
346 71
353 74
364 75
366 72
362 71
361 64
364 61
357 55
352 55
351 54
353 51
356 51
360 47
367 41
368 39
375 49
380 54
375 59
376 60
372 66
371 67
370 73
372 70
377 66
380 59
389 55
394 51
391 38
401 36
403 47
398 54
399 55
402 59
406 55
405 52
406 48
411 45
413 51
423 43
422 50
422 63
416 63
419 68
421 70
422 71
419 72
420 75
418 79
421 81
419 84
411 76
412 68
404 63
398 62
397 63
400 68
403 71
400 71
394 73
398 80
392 80
393 83
393 84
391 86
386 78
382 77
374 83
384 83
385 89
391 96
403 104
408 97
406 88
416 94
421 101
425 96
428 85
434 89
440 87
442 83
439 81
439 81
435 82
434 79
436 78
438 76
438 75
442 62
441 59
442 59
462 51
461 67
462 72
463 78
470 87
463 85
454 69
450 71
451 72
453 74
454 79
454 84
450 84
447 89
443 93
444 94
443 94
442 95
432 94
430 101
430 109
432 112
437 109
439 115
441 114
442 114
447 120
455 121
456 133
464 142
472 136
472 132
471 130
468 132
465 132
462 128
466 125
468 127
470 124
476 124
476 117
472 118
469 114
472 111
476 111
483 112
484 112
486 111
489 119
491 111
491 109
482 107
478 102
472 104
473 99
470 99
469 99
468 103
464 104
463 106
461 106
462 108
461 115
462 117
464 119
463 121
460 119
460 113
460 110
458 109
447 100
450 94
451 95
452 94
457 99
457 97
457 93
460 94
464 93
469 94
470 94
472 93
475 92
479 98
492 94
502 106
506 106
509 114
502 116
503 121
500 125
496 128
491 130
492 131
502 132
505 135
508 130
511 135
525 142
520 142
513 147
510 151
501 152
503 144
505 142
507 141
502 141
493 138
486 132
475 132
475 133
474 142
476 152
475 153
469 153
473 159
482 157
484 156
484 148
483 146
482 145
481 139
484 141
488 144
490 147
492 146
492 150
488 153
489 157
492 158
495 163
499 168
497 168
493 167
489 169
488 171
487 171
490 175
484 182
486 190
496 223
509 230
512 242
514 247
513 264
520 263
522 259
523 252
525 249
524 242
523 237
525 234
521 233
517 226
508 224
507 217
508 212
511 213
516 213
515 208
517 205
515 206
514 207
511 205
509 204
505 200
502 201
503 194
499 190
496 188
491 183
499 177
499 175
506 177
508 180
511 179
514 175
511 170
509 169
506 168
505 163
504 162
500 159
501 157
503 156
506 158
509 160
517 161
518 159
524 158
529 156
525 160
524 170
522 173
524 179
525 177
534 173
535 180
536 176
538 173
546 165
545 176
542 181
538 184
539 189
545 189
554 194
549 197
540 198
538 204
535 199
533 197
534 191
533 189
529 186
531 190
527 197
525 195
525 194
523 191
520 187
519 183
515 184
511 184
509 184
510 186
507 187
510 191
516 193
522 199
524 199
525 202
530 207
527 208
527 209
527 211
534 211
541 216
549 205
552 200
566 206
564 214
564 215
566 225
554 215
552 215
548 216
546 216
546 218
545 222
543 222
537 227
533 231
534 235
547 231
546 233
547 244
547 244
545 243
538 247
534 243
529 256
536 258
540 255
552 258
558 255
558 251
554 249
555 244
555 241
568 238
568 244
567 247
568 254
568 254
571 258
569 267
565 267
562 266
564 270
563 275
570 276
573 284
583 294
583 306
577 304
566 307
566 308
564 309
563 310
560 308
559 303
565 299
568 296
570 293
565 290
566 286
567 283
561 285
560 283
553 282
550 281
555 274
553 274
548 275
546 273
547 277
540 278
541 272
539 271
537 267
539 265
536 261
534 262
529 261
523 269
525 273
527 273
528 276
532 278
536 278
545 289
546 290
547 290
546 293
540 289
531 286
529 284
527 290
527 296
529 298
532 294
538 300
544 308
535 306
533 307
533 306
530 304
531 308
528 310
528 311
537 311
541 313
542 313
548 315
548 325
541 324
537 320
532 318
531 321
530 332
529 334
524 345
518 368
514 373
519 380
525 374
527 378
529 377
529 379
524 387
525 388
529 390
532 387
538 389
538 394
541 392
546 390
541 383
536 379
534 377
536 373
537 368
532 357
533 351
540 345
534 329
536 327
537 328
541 334
545 334
548 343
552 338
554 335
561 343
566 338
567 328
561 327
556 323
564 317
569 317
568 321
568 323
574 325
572 336
579 337
576 343
577 345
573 351
564 360
565 363
552 362
553 374
549 379
555 380
556 389
562 397
560 399
563 407
572 413
559 418
556 422
550 426
545 426
545 434
541 434
539 436
539 437
533 434
536 439
534 441
539 444
538 454
519 464
519 458
518 455
516 454
516 456
512 457
511 460
503 454
505 448
505 446
505 446
508 442
504 440
503 441
503 443
498 448
492 447
494 449
496 453
496 455
496 458
497 458
498 460
493 459
492 462
491 465
490 468
487 470
482 469
483 465
481 465
481 465
480 463
481 463
486 461
485 453
477 453
473 464
465 468
458 463
446 471
419 470
411 479
408 481
401 484
397 478
401 466
393 465
389 465
388 475
385 490
398 490
416 491
416 486
424 485
422 499
435 503
436 500
444 490
450 487
453 494
453 502
452 505
458 507
460 506
461 506
460 503
466 501
469 492
470 489
469 486
467 482
472 481
479 481
476 473
481 471
482 475
484 479
482 480
485 484
489 487
489 489
492 490
495 487
496 486
501 482
499 478
499 478
495 477
493 478
493 478
491 474
497 474
504 469
503 468
504 466
507 469
509 474
518 475
528 476
511 485
508 483
506 481
504 490
499 496
497 492
491 496
487 495
475 488
475 490
477 495
479 501
485 496
485 496
493 513
480 511
475 507
472 515
458 514
436 507
424 510
422 508
413 497
409 501
402 499
392 500
383 503
381 512
373 512
363 515
361 504
365 505
365 502
370 498
368 489
370 483
372 478
366 480
367 476
366 475
370 467
362 468
356 469
349 468
344 472
332 471
332 472
326 486
350 481
355 493
356 496
354 500
352 501
348 509
338 515
338 506
330 498
325 503
327 513
319 512
316 513
316 516
302 516
301 512
293 503
298 496
311 498
309 485
317 482
311 473
308 467
307 466
303 472
291 479
285 478
285 480
280 480
285 486
285 487
288 485
291 488
288 490
279 491
279 491
268 493
261 492
259 485
261 482
259 479
259 478
259 474
258 473
259 468
260 468
263 476
272 476
274 473
278 465
273 452
269 454
264 445
259 449
260 453
260 454
258 451
251 449
250 458
247 457
241 449
244 438
235 441
231 442
214 424
215 430
211 437
220 450
222 451
226 448
229 449
231 452
236 457
233 460
236 462
246 471
251 482
251 485
254 488
256 488
252 492
243 487
235 479
232 475
228 477
229 470
221 473
222 462
215 464
209 464
203 463
199 462
191 465
203 456
215 456
214 453
212 447
208 443
200 438
198 438
199 434
191 436
188 436
187 438
192 443
189 448
187 447
182 433
185 424
180 422
181 419
181 415
187 413
188 413
185 406
187 404
180 401
175 387
177 382
182 379
181 376
173 381
170 386
166 394
160 393
159 385
158 369
154 365
146 361
152 350
142 347
143 360
143 363
139 386
140 395
142 398
142 401
145 401
146 404
141 412
150 416
153 425
153 426
160 418
158 409
164 405
171 404
169 414
168 418
167 419
164 418
163 427
170 430
178 435
178 438
171 439
166 441
177 446
176 447
170 457
