183 142
181 138
172 139
172 137
164 137
161 133
152 131
146 136
143 135
135 134
137 139
143 142
147 141
150 145
153 144
153 143
163 142
166 153
164 155
162 155
157 159
154 165
150 161
149 154
144 154
139 149
135 150
134 153
133 155
131 158
127 157
121 155
119 155
117 148
121 145
122 146
126 149
129 145
125 138
122 138
122 137
122 130
126 124
121 121
117 122
113 125
106 127
110 130
116 131
112 135
106 135
107 140
112 142
108 150
109 156
107 159
109 160
115 163
117 163
112 165
112 170
117 171
113 174
107 176
109 178
110 179
109 180
109 184
110 184
110 187
113 188
112 189
114 191
121 203
117 204
114 208
106 205
107 217
119 215
122 213
116 221
114 227
110 230
119 230
127 229
133 225
132 222
127 221
128 215
130 211
125 202
126 200
127 198
134 200
138 204
135 197
133 196
135 191
142 188
143 195
149 194
150 192
154 195
152 198
152 201
149 204
149 205
150 213
144 204
140 205
137 210
141 222
144 227
149 222
162 216
165 219
164 221
166 222
170 218
167 214
168 211
170 211
170 210
173 208
169 196
162 199
163 196
164 188
159 188
158 187
159 185
159 182
151 181
146 183
147 179
139 174
137 172
132 177
126 183
124 181
124 179
123 181
122 182
122 182
118 183
119 181
119 178
122 176
122 171
123 170
126 171
126 165
132 166
134 167
136 164
139 167
140 166
145 166
144 171
147 170
149 174
150 176
150 177
154 173
159 172
157 169
161 166
163 168
165 168
165 171
166 173
167 172
174 166
174 175
166 178
165 180
165 180
170 185
174 183
178 188
181 189
186 189
185 191
183 191
183 191
179 196
184 199
186 200
186 203
183 205
182 204
181 202
178 210
178 214
181 215
189 212
185 218
183 221
178 221
187 230
200 221
212 218
211 217
212 215
215 213
221 217
225 216
230 215
230 210
229 203
237 205
238 200
239 196
240 193
250 192
243 199
246 201
251 203
255 202
254 203
252 206
247 210
246 216
238 218
240 221
237 224
233 230
246 223
271 237
272 249
278 245
283 237
289 241
293 243
293 240
295 239
296 235
299 236
300 236
304 237
309 237
311 237
314 236
321 245
324 246
332 243
330 241
327 238
333 237
336 237
343 235
348 244
351 247
349 249
354 252
361 250
364 247
370 250
370 244
375 238
373 246
376 248
374 256
384 259
395 259
390 254
392 251
397 253
400 251
399 246
398 245
396 242
390 243
390 245
389 245
386 244
385 243
387 240
386 238
393 236
406 241
407 240
410 237
411 237
413 240
413 248
406 247
407 253
406 257
403 261
399 265
398 269
399 275
401 280
402 281
403 282
397 280
394 283
394 283
397 295
389 296
390 301
388 307
391 306
394 311
394 312
399 305
399 305
403 303
410 302
407 305
405 311
403 313
398 316
399 319
398 325
395 327
382 328
373 341
370 336
367 332
357 333
351 323
349 324
347 327
344 333
339 327
325 325
327 333
330 330
334 332
339 332
340 337
341 343
342 342
344 342
350 338
349 345
350 346
355 347
357 351
359 349
363 347
364 344
372 351
370 352
371 356
369 359
363 362
362 360
354 358
349 356
339 357
333 355
333 352
333 341
315 344
311 348
307 357
301 356
302 350
302 347
306 345
309 343
307 336
310 333
311 331
315 333
314 331
312 325
306 320
313 310
311 307
312 297
312 292
317 292
322 296
320 298
318 302
322 300
329 300
333 293
336 292
340 293
337 288
332 288
332 284
337 285
339 286
344 290
346 291
347 293
346 294
349 296
346 303
344 301
339 302
329 309
332 315
333 314
338 315
336 312
338 309
340 311
342 311
350 313
356 321
361 319
363 319
368 317
363 313
365 304
372 307
370 320
378 324
385 318
386 318
383 312
381 306
383 302
380 301
382 299
379 298
377 293
370 290
365 292
363 294
362 296
359 295
359 298
354 301
353 297
356 291
360 290
356 289
355 284
352 286
350 283
353 280
355 278
349 275
355 273
355 270
352 268
354 267
361 272
365 273
365 281
369 281
370 283
378 285
378 280
380 282
386 281
388 282
388 281
393 279
394 279
392 278
391 270
385 266
384 268
382 273
376 268
373 271
371 270
364 265
365 258
360 260
357 256
350 259
348 257
346 256
344 257
344 252
345 251
346 244
345 243
344 244
338 242
333 250
335 258
337 262
339 270
337 278
331 274
322 268
320 270
314 269
316 280
324 288
323 290
318 289
305 283
301 284
292 284
287 281
294 280
301 278
303 274
307 273
303 272
304 271
302 259
309 262
321 261
324 257
327 253
311 249
305 249
304 244
304 243
301 244
292 247
285 251
286 252
289 254
290 253
296 252
297 256
297 259
299 263
296 265
291 268
289 269
286 264
281 266
276 264
273 261
274 265
276 269
282 275
273 285
280 281
281 282
282 284
284 287
284 292
288 298
295 296
296 292
299 299
301 298
303 303
305 305
304 308
304 308
304 312
303 312
303 312
302 313
301 315
299 316
301 327
304 331
302 332
301 332
296 337
299 342
291 345
288 331
291 326
287 326
282 322
280 317
287 317
290 314
286 307
284 307
282 301
278 295
276 299
279 305
274 310
271 323
276 326
276 328
283 331
282 332
277 336
276 332
273 332
273 337
271 338
273 338
277 343
277 344
282 344
277 352
279 358
276 361
280 363
283 364
286 361
287 370
276 366
273 368
280 373
280 374
280 375
279 378
273 382
275 382
279 382
293 383
301 384
300 378
295 375
292 375
300 367
305 371
305 369
310 364
311 366
314 368
316 368
317 360
318 356
325 358
328 366
324 369
328 372
330 377
327 379
325 383
332 379
334 379
334 369
338 372
342 368
347 366
351 366
347 372
349 373
349 378
358 384
370 384
375 383
379 382
385 384
393 379
400 379
401 375
404 379
405 384
407 383
408 383
414 383
410 379
407 374
411 372
410 369
418 370
460 396
464 403
464 404
470 405
471 411
470 412
472 414
465 418
459 416
466 429
460 433
465 435
476 430
478 420
478 417
476 412
479 412
484 413
491 411
492 409
495 407
495 409
500 411
499 404
508 399
506 412
509 414
512 407
516 399
518 401
520 402
520 400
523 398
527 400
526 411
523 413
529 416
538 422
543 428
533 430
530 428
530 428
524 420
523 417
517 415
516 416
511 428
505 424
498 418
495 418
494 417
489 421
488 422
487 425
482 428
482 431
484 431
485 431
488 432
493 429
495 432
492 433
492 434
492 434
495 436
492 440
496 440
498 438
503 437
508 434
509 434
509 438
517 440
516 444
516 446
515 447
520 451
517 455
518 461
522 462
520 467
517 468
510 467
503 473
501 469
500 465
503 465
505 462
509 462
511 459
506 455
506 453
507 449
502 451
496 460
491 457
486 448
482 447
481 453
477 457
472 459
475 453
475 447
477 442
474 443
473 442
467 443
460 448
459 455
465 460
466 464
462 474
470 484
470 479
472 476
469 471
473 465
476 464
477 468
481 467
485 468
491 462
491 462
486 475
475 485
468 493
467 498
462 494
459 500
464 506
461 510
460 511
466 515
466 521
471 525
469 525
465 528
463 532
464 534
461 537
471 537
474 536
476 534
481 531
487 536
490 536
493 534
501 539
502 534
500 532
505 531
510 531
516 539
519 535
531 536
535 539
539 539
547 535
554 535
555 536
559 539
558 536
556 531
553 527
550 528
550 526
549 526
549 526
547 527
544 522
542 513
542 509
533 498
533 497
547 502
550 502
554 501
554 495
557 496
561 496
563 496
558 507
551 506
551 510
550 511
551 513
554 519
559 524
560 523
567 523
574 522
575 520
578 521
575 516
580 512
586 522
581 526
582 529
574 528
574 531
573 532
578 539
587 535
596 538
599 532
602 531
601 522
599 520
595 518
592 517
598 514
603 512
603 510
601 510
596 506
601 500
604 497
603 493
600 492
597 496
595 492
595 488
592 488
589 491
589 493
591 498
587 503
579 506
573 505
569 505
577 499
579 494
578 493
578 493
575 486
577 487
583 492
590 482
590 478
590 472
587 474
584 479
580 477
574 476
578 472
573 466
573 464
579 461
584 455
588 459
592 454
595 457
600 455
599 461
597 460
595 461
595 465
595 474
595 481
598 482
602 478
605 481
607 480
605 471
606 467
604 466
608 462
608 460
604 453
607 450
603 443
602 446
598 450
594 448
592 450
590 446
594 442
597 439
598 437
608 429
606 427
595 424
601 422
607 415
603 416
603 416
602 415
601 413
598 414
597 408
595 413
591 421
590 422
592 429
576 433
578 439
583 437
585 440
585 447
580 447
569 450
568 453
566 458
567 461
560 460
563 463
570 475
566 478
570 484
563 484
562 488
559 487
558 486
565 476
564 476
560 472
555 472
560 468
559 465
555 466
552 462
550 462
551 459
545 454
539 466
548 468
549 468
549 470
550 472
548 475
553 483
553 486
552 487
548 485
546 485
544 485
536 478
535 482
528 482
524 494
519 495
523 507
528 503
529 502
532 507
528 515
533 518
532 522
535 521
539 529
529 528
529 526
513 529
510 525
507 526
499 527
496 526
487 530
485 531
483 530
480 526
479 526
476 523
475 516
482 517
487 519
488 515
487 515
486 514
487 513
490 513
496 515
503 516
504 510
505 508
505 508
498 501
497 495
484 498
481 499
480 509
476 512
475 511
471 509
468 507
472 505
479 496
483 492
492 490
499 485
502 492
510 491
507 483
506 482
510 479
515 477
522 477
523 470
528 466
528 466
529 456
529 453
528 447
522 447
521 445
523 440
525 432
540 438
540 440
545 437
552 440
554 437
559 434
557 443
555 445
558 447
556 447
552 450
553 454
561 454
563 451
560 450
562 447
567 450
568 449
570 447
570 441
571 439
567 433
566 431
564 425
558 425
550 425
545 417
546 415
545 412
554 411
553 408
556 407
560 402
564 404
568 408
566 407
564 407
563 408
558 410
558 413
559 412
561 412
564 415
562 419
575 420
578 421
584 414
587 412
589 414
590 407
598 403
594 399
600 397
607 396
605 395
600 390
594 393
590 394
588 392
574 394
573 396
563 394
559 391
553 398
551 396
536 410
535 410
535 403
537 398
541 398
541 397
541 396
539 394
540 392
535 391
530 390
529 394
527 396
514 390
505 390
504 391
492 390
491 401
491 404
488 406
485 404
482 398
479 395
477 391
475 403
470 403
467 396
459 391
459 390
419 357
415 355
415 360
404 358
405 361
401 364
397 358
397 356
391 356
389 356
388 361
392 365
393 367
394 369
397 369
396 373
395 374
385 369
383 368
379 362
376 364
371 365
367 368
364 374
361 369
360 365
361 365
367 364
377 359
382 349
388 343
390 337
394 339
396 337
394 334
399 332
401 335
402 343
404 344
408 348
419 346
419 344
416 337
414 333
407 330
407 327
414 326
411 322
414 321
412 318
414 314
420 319
420 317
420 311
419 310
416 300
418 291
416 291
414 288
413 293
406 292
404 292
404 292
403 288
407 287
407 286
411 281
418 269
414 264
412 266
410 266
406 267
405 265
414 255
420 245
435 209
438 217
440 216
446 213
446 213
450 216
457 213
456 209
458 203
453 201
453 204
449 203
442 203
442 202
437 200
441 195
439 193
437 190
437 180
436 169
446 170
448 167
447 162
444 161
443 160
441 155
444 156
445 154
443 149
443 144
442 144
441 142
443 138
443 132
443 131
436 135
436 130
436 129
439 114
444 120
449 123
455 127
461 131
462 132
466 133
462 139
457 140
457 141
453 147
455 151
461 154
459 154
453 152
450 151
449 153
450 155
453 159
460 162
471 164
472 172
470 172
464 173
457 172
453 169
452 172
453 176
450 176
448 178
449 182
453 181
458 180
462 181
459 182
456 189
458 192
463 192
465 192
470 191
473 192
463 200
474 209
484 198
485 198
486 202
486 207
486 207
482 210
478 213
484 215
492 214
494 214
495 210
502 202
499 213
503 213
507 212
508 212
508 209
516 208
522 207
531 207
533 211
538 217
543 213
545 216
552 216
545 211
544 210
545 207
549 206
552 204
552 207
557 212
560 215
562 212
571 211
574 207
574 208
578 217
583 207
579 193
578 189
575 181
573 186
577 195
576 196
566 202
558 203
558 195
559 193
562 194
562 188
557 188
558 183
553 177
560 171
560 167
555 164
559 157
563 155
565 157
571 170
571 172
581 178
583 176
583 170
583 163
575 162
575 160
573 159
573 158
581 146
580 144
578 143
580 136
584 129
582 124
583 119
583 114
577 109
581 101
575 101
567 102
563 107
560 109
559 113
564 111
568 118
567 119
565 121
568 122
574 114
577 114
576 117
574 120
573 127
572 131
570 129
570 129
565 130
562 127
553 128
556 132
555 133
550 133
550 136
553 140
560 135
560 137
562 139
564 146
561 151
561 153
558 151
559 147
558 146
551 143
547 144
544 143
544 144
544 146
542 153
540 155
532 152
525 154
518 154
516 151
513 145
514 141
513 140
508 148
509 152
501 147
487 143
489 151
493 150
495 150
500 152
503 156
500 157
499 159
497 166
485 168
495 172
496 176
495 180
502 181
502 176
503 177
505 179
509 178
507 172
506 164
506 161
507 159
512 157
511 160
513 161
511 164
515 167
516 170
521 163
527 167
530 161
532 165
538 162
545 168
539 172
540 172
542 173
546 174
545 179
547 181
551 182
552 183
553 189
550 196
547 199
541 206
537 201
534 196
532 194
541 194
541 189
538 185
534 182
530 175
527 175
528 178
528 181
524 179
522 179
519 184
524 184
525 187
529 189
526 190
520 191
522 198
518 195
518 194
516 195
513 192
512 186
507 183
507 186
508 189
502 189
497 186
493 193
489 189
485 192
479 193
476 183
476 164
476 162
478 158
471 155
476 147
476 142
477 140
472 141
472 138
473 138
473 132
472 129
476 125
481 127
488 125
492 130
491 137
494 135
495 137
502 133
503 131
499 124
500 121
504 117
502 115
494 125
490 123
488 115
490 112
495 112
496 106
501 107
502 107
510 111
508 101
507 97
498 96
497 88
498 86
500 86
504 91
506 93
510 94
522 88
526 88
531 86
534 92
532 95
538 93
543 95
544 95
533 104
531 108
524 103
523 101
518 104
520 108
516 112
517 113
523 114
522 118
520 120
517 122
514 122
509 124
511 129
516 130
515 131
514 136
517 139
516 141
517 141
528 141
533 139
528 135
534 133
534 128
538 132
541 136
543 131
540 124
538 121
541 120
541 115
550 110
553 111
548 102
548 101
554 104
555 105
556 104
558 103
558 102
565 99
568 96
572 86
576 86
582 76
580 75
578 77
574 78
573 77
566 85
564 87
566 79
564 76
562 70
555 68
557 73
554 75
555 82
555 94
549 92
549 86
551 81
547 79
546 75
539 82
537 77
539 75
539 69
534 70
524 77
517 71
516 78
517 81
510 79
506 73
504 73
503 69
501 69
501 70
498 72
484 69
482 72
477 75
482 79
483 81
488 83
490 81
500 77
499 80
491 88
492 93
486 100
481 95
479 97
478 99
476 103
479 107
476 113
479 114
480 115
483 114
480 121
476 120
466 119
466 120
466 120
462 121
460 119
460 115
458 111
455 114
454 113
453 113
449 112
448 105
451 102
454 106
460 102
463 108
469 107
466 104
470 96
470 94
474 92
473 86
476 82
472 80
471 83
470 83
466 80
465 80
464 79
465 77
467 78
466 76
465 68
457 70
455 68
454 72
458 76
454 78
456 85
448 99
436 101
438 99
443 92
438 84
438 81
443 76
447 72
441 69
439 72
435 73
255 82
254 84
252 82
248 81
248 87
248 88
249 89
251 92
253 98
243 90
242 90
238 85
240 82
233 83
235 91
233 94
235 96
239 97
242 100
243 102
243 106
248 110
249 119
251 120
248 124
248 124
248 125
247 129
244 128
241 128
242 133
241 137
242 144
246 143
249 149
252 155
248 159
242 151
238 141
238 138
237 135
231 137
229 136
226 137
223 135
222 133
222 131
223 131
228 124
232 127
240 115
241 113
240 110
237 112
228 106
227 106
226 105
227 98
228 97
223 92
223 86
221 88
220 93
222 95
222 100
218 99
218 104
218 107
213 110
217 113
216 113
212 115
217 130
215 132
213 132
214 138
216 141
221 139
225 141
220 146
221 149
217 157
215 162
220 166
221 164
223 161
224 160
227 157
229 157
231 165
245 170
246 174
253 183
243 180
242 178
228 172
214 172
209 174
205 174
206 178
219 180
220 181
224 182
231 180
232 186
232 187
230 189
234 191
235 193
230 192
219 192
218 191
218 188
214 187
214 189
215 192
212 191
211 193
208 190
207 197
209 199
209 199
209 199
213 201
215 202
221 204
223 206
220 208
219 212
218 212
213 206
201 214
198 214
198 211
200 208
201 208
203 208
205 205
201 200
199 195
199 194
194 184
196 176
190 180
187 179
182 173
188 163
188 163
186 162
184 151
184 151
190 149
191 145
195 141
195 153
199 153
197 170
202 170
203 171
206 167
205 161
211 156
211 151
209 150
208 142
205 137
205 134
202 133
202 132
201 128
197 135
188 136
187 136
187 125
188 123
193 121
195 113
211 102
209 99
213 94
215 92
215 90
211 83
202 100
199 101
186 88
182 82
181 82
180 81
182 88
183 88
186 90
186 91
189 98
190 105
186 116
185 112
184 109
183 107
182 108
180 106
178 108
175 109
171 110
169 118
170 124
179 124
179 124
170 130
169 127
163 124
163 117
162 116
160 114
159 120
158 122
151 124
148 122
142 122
142 124
142 125
140 128
138 125
135 123
135 121
134 112
130 115
126 110
121 108
119 116
112 113
116 105
115 102
111 101
107 102
114 92
117 93
127 103
140 103
142 108
156 105
161 102
164 105
168 101
177 98
180 93
177 92
174 89
170 91
165 89
162 83
161 84
159 86
159 87
154 81
151 86
160 95
154 98
149 95
148 95
144 94
143 89
134 83
125 90
124 86
125 82
121 81
119 83
119 86
113 85
110 82
