193 83
197 74
189 88
189 92
185 92
189 96
186 97
182 100
178 94
177 99
177 101
183 105
182 108
175 107
175 106
169 106
165 110
164 112
162 108
164 107
163 105
166 104
168 97
167 92
161 89
157 92
155 93
154 92
153 84
150 81
150 83
150 83
146 86
147 88
147 89
140 87
141 73
159 54
172 50
172 65
173 67
172 69
163 76
163 77
172 81
173 84
179 79
181 73
182 73
181 68
183 64
198 60
199 63
196 65
194 69
196 68
202 69
207 75
213 77
216 81
216 83
223 83
231 93
237 98
234 100
221 102
217 93
216 92
211 92
209 90
205 83
204 84
202 88
206 92
206 97
203 98
200 93
196 90
194 95
190 110
186 109
185 111
184 116
180 116
180 118
176 117
175 116
169 128
159 124
161 119
164 121
164 119
160 114
157 112
156 106
158 100
156 100
154 97
152 99
149 94
149 92
145 99
144 99
142 109
135 112
134 103
127 91
125 92
125 95
124 108
113 110
108 125
108 137
112 145
107 145
106 149
101 153
98 150
99 148
97 142
100 140
95 133
84 142
83 150
77 158
87 155
90 157
86 164
79 168
79 170
74 172
70 173
77 177
77 177
72 180
72 181
74 182
71 184
71 189
75 186
79 188
79 184
87 171
89 172
92 166
91 165
95 163
96 161
99 164
96 167
95 169
97 171
100 174
96 176
94 177
93 180
90 186
94 187
97 189
97 189
100 190
100 189
102 187
99 185
102 182
106 184
107 182
111 178
108 172
109 166
105 167
102 164
101 162
101 162
106 161
109 156
111 153
111 153
112 150
114 151
115 151
124 150
126 151
130 149
131 159
121 162
115 161
114 164
115 166
117 165
117 166
116 172
123 175
121 178
117 183
111 185
115 189
128 187
131 170
133 166
132 163
143 158
140 141
131 137
130 138
114 136
114 135
122 132
123 127
122 125
119 123
128 122
129 121
129 122
128 128
135 132
135 133
144 134
145 131
147 128
143 126
146 119
144 116
143 113
151 112
153 115
152 121
162 133
159 135
205 202
198 208
200 212
199 228
196 228
181 242
113 205
108 197
107 197
100 194
98 196
97 197
97 201
97 205
101 204
105 204
107 208
102 217
97 208
95 204
94 204
92 206
90 200
86 204
85 205
82 205
79 202
80 198
85 194
89 193
87 191
84 190
78 195
74 199
72 201
74 203
70 205
62 210
60 213
59 212
47 209
53 225
58 229
54 240
70 239
73 246
73 254
80 240
81 229
78 225
84 224
86 225
87 223
78 218
71 223
68 217
70 215
74 213
78 209
82 209
83 207
85 206
91 210
94 221
97 225
102 227
98 232
93 229
90 233
90 238
144 252
146 258
152 260
151 274
157 274
162 272
168 281
173 276
187 272
183 268
174 262
180 253
186 247
188 247
195 247
197 241
195 240
195 237
201 234
202 230
206 219
205 215
208 213
210 213
213 213
215 222
218 227
221 227
221 229
226 229
228 231
231 227
231 226
227 225
226 221
232 213
231 210
228 212
224 213
222 213
219 207
226 203
214 191
221 189
224 187
225 187
223 186
224 176
231 186
240 185
234 193
238 196
241 198
247 200
249 206
245 209
242 210
240 204
236 208
238 210
239 215
241 219
251 217
257 222
260 231
244 229
229 248
229 249
221 247
212 235
211 231
210 236
207 236
204 241
203 247
204 248
196 254
195 259
200 253
208 256
220 256
224 259
215 265
215 269
202 266
190 285
187 285
187 287
187 290
185 292
178 289
173 284
163 285
162 287
157 286
147 287
143 283
143 283
141 293
149 306
140 313
140 318
144 319
140 325
145 329
142 339
142 347
143 360
143 363
146 361
154 365
158 369
171 368
172 363
170 363
152 350
153 335
163 334
162 329
172 331
174 337
177 338
177 336
182 329
182 321
179 319
177 317
173 315
170 313
164 317
151 322
149 316
150 314
159 304
167 301
169 304
169 305
174 302
176 307
181 312
184 314
190 319
186 325
188 331
185 336
173 344
189 363
185 364
181 368
181 376
182 379
177 382
173 381
170 386
175 387
171 404
180 401
187 404
185 406
188 413
187 413
181 415
181 419
185 424
180 422
169 414
168 418
167 419
164 418
160 418
158 409
164 405
166 394
160 393
159 385
139 386
140 395
142 398
142 401
145 401
146 404
141 412
150 416
153 425
153 426
163 427
170 430
171 439
166 441
170 457
170 457
176 447
177 446
178 438
178 435
182 433
187 438
188 436
191 436
199 434
200 438
198 438
192 443
187 447
189 448
191 465
199 462
203 456
203 463
209 464
215 464
222 462
221 473
229 470
228 477
232 475
235 479
243 487
252 492
256 488
254 488
251 485
251 482
246 471
236 462
233 460
236 457
231 452
229 449
226 448
222 451
220 450
215 456
214 453
212 447
208 443
211 437
215 430
214 424
231 442
235 441
244 438
241 449
247 457
250 458
251 449
258 451
260 454
260 453
259 449
264 445
269 454
273 452
278 465
274 473
272 476
263 476
260 468
259 468
258 473
259 474
259 478
259 479
261 482
259 485
261 492
268 493
279 491
279 491
285 486
285 487
288 490
291 488
288 485
285 480
280 480
285 478
291 479
303 472
307 466
308 467
311 473
317 482
326 486
309 485
311 498
298 496
293 503
301 512
302 516
316 516
316 513
319 512
327 513
325 503
330 498
338 506
338 515
348 509
352 501
354 500
361 504
356 496
355 493
350 481
332 472
332 471
344 472
349 468
356 469
362 468
370 467
366 475
367 476
366 480
372 478
370 483
368 489
370 498
365 502
365 505
363 515
373 512
381 512
383 503
392 500
385 490
398 490
402 499
409 501
413 497
416 491
416 486
424 485
422 499
422 508
424 510
436 507
435 503
436 500
444 490
450 487
453 494
453 502
452 505
460 503
466 501
461 506
460 506
458 507
458 514
472 515
475 507
480 511
493 513
479 501
477 495
475 490
475 488
469 492
470 489
469 486
467 482
472 481
476 473
479 481
482 480
484 479
482 475
481 471
482 469
483 465
481 465
481 465
480 463
481 463
486 461
493 459
492 462
491 465
490 468
487 470
491 474
493 478
493 478
495 477
497 474
499 478
499 478
501 482
496 486
495 487
492 490
489 489
489 487
485 484
485 496
485 496
487 495
491 496
497 492
499 496
504 490
511 485
508 483
506 481
509 474
518 475
528 476
538 454
539 444
534 441
536 439
539 437
539 436
545 434
541 434
533 434
523 436
524 442
522 442
513 443
511 441
508 442
505 446
505 446
505 448
503 454
511 460
512 457
516 456
516 454
518 455
519 458
519 464
507 469
504 469
503 468
504 466
498 460
497 458
496 458
496 455
496 453
494 449
492 447
498 448
503 443
503 441
504 440
509 437
512 433
519 433
524 429
524 428
522 426
526 423
530 421
531 420
536 423
533 413
540 412
539 416
539 416
540 417
540 418
545 417
542 421
545 426
550 426
556 422
559 418
572 413
563 407
560 399
562 397
556 389
555 380
553 374
549 379
537 368
536 373
534 377
536 379
541 383
538 389
538 394
541 392
546 390
546 397
551 400
550 406
546 411
544 402
541 404
535 398
534 399
533 400
531 396
527 399
526 394
529 390
532 387
525 388
524 387
527 378
529 379
529 377
525 374
518 368
514 373
519 380
506 408
505 409
508 422
510 416
513 412
514 409
517 406
518 409
523 409
520 416
522 419
514 421
514 425
505 425
501 429
498 423
490 427
490 435
488 439
487 439
485 453
477 453
473 464
465 468
458 463
446 471
419 470
411 479
408 481
401 484
397 478
388 475
389 465
393 465
401 466
424 387
427 388
440 379
429 369
423 369
423 365
435 351
445 363
447 355
455 353
447 350
446 347
444 347
442 345
435 339
433 338
431 341
431 339
430 336
428 333
426 326
427 324
426 323
425 323
414 327
418 323
418 320
415 311
420 311
420 306
415 302
414 299
410 304
408 296
396 293
395 293
395 275
406 278
409 280
408 283
409 289
410 290
418 292
422 294
416 290
414 282
414 281
414 280
413 273
417 273
423 272
426 275
423 278
426 279
427 284
425 285
427 288
430 289
428 296
428 297
428 301
430 303
432 308
434 309
436 310
437 314
437 319
443 319
456 326
446 311
435 294
437 294
442 296
448 296
447 290
449 288
439 284
433 284
434 281
435 280
438 274
434 278
432 277
430 275
431 269
438 256
435 251
429 243
426 242
431 240
434 233
424 228
411 226
408 235
411 243
423 248
425 250
423 258
409 268
404 270
402 269
397 266
396 265
395 253
396 241
392 233
397 222
396 216
392 219
390 215
397 206
385 203
383 190
370 197
369 210
369 217
372 221
375 218
377 217
377 220
377 225
382 227
386 232
383 235
383 238
381 242
380 244
379 241
378 236
367 232
366 233
361 238
357 229
361 219
358 216
358 211
357 205
358 188
353 194
346 193
341 193
330 196
328 204
330 207
337 206
341 207
346 208
345 218
342 221
333 224
330 225
323 250
326 253
321 255
322 281
312 280
305 286
303 286
301 287
304 291
309 292
308 298
311 299
313 299
313 298
315 294
319 297
318 305
317 314
315 314
311 320
310 325
304 316
306 312
304 306
304 304
302 303
299 302
302 300
297 291
295 284
290 290
293 293
297 299
294 302
285 308
294 316
292 318
295 321
297 320
300 317
301 324
297 330
300 331
301 332
295 337
291 344
295 342
296 339
299 338
303 338
309 337
311 340
313 343
307 344
306 345
301 349
301 350
301 354
300 355
306 356
307 357
309 362
312 364
309 368
305 371
303 372
306 374
304 378
308 380
313 376
315 382
319 379
318 375
324 378
330 371
330 369
333 370
336 372
335 369
336 369
336 367
333 366
329 367
326 370
323 370
322 361
319 356
314 354
317 349
320 339
321 338
328 344
332 346
334 346
331 352
328 355
334 359
340 362
339 358
341 352
353 359
350 365
347 370
352 374
354 371
356 375
360 380
367 385
369 382
374 383
375 383
378 384
377 390
378 389
380 389
384 384
388 381
388 380
387 380
381 382
380 379
381 378
383 378
381 372
376 374
375 377
373 373
370 371
368 366
363 352
367 353
367 352
373 350
377 351
375 354
381 358
378 359
376 365
383 363
386 365
389 368
392 369
397 375
393 366
395 360
397 359
394 353
389 354
388 348
391 345
389 340
390 341
404 349
409 357
412 351
409 347
408 344
414 346
418 348
419 343
418 341
414 338
405 334
410 333
423 334
425 339
424 340
425 350
424 355
417 362
417 360
415 359
410 362
410 368
408 370
416 372
417 372
420 376
417 382
410 385
407 380
400 385
398 389
396 395
393 395
386 397
383 401
373 398
371 396
366 393
361 395
362 396
361 402
358 402
348 400
337 402
337 408
327 410
328 408
330 396
333 391
337 395
344 393
352 391
357 389
342 384
341 379
337 381
336 381
333 385
332 383
325 385
320 386
322 389
319 390
303 386
301 391
303 392
304 394
297 393
292 390
291 390
294 387
295 375
298 373
295 370
291 365
296 362
291 358
293 355
291 355
289 357
285 360
282 364
283 367
282 374
281 364
281 360
274 353
276 350
278 350
274 345
275 343
272 344
272 341
271 338
269 339
266 338
267 342
261 352
259 345
262 330
271 333
277 330
278 331
284 330
286 334
287 337
288 334
289 331
288 325
286 325
285 327
279 328
279 326
281 321
281 316
277 316
274 307
273 310
269 313
271 318
269 321
268 323
265 317
259 313
256 313
259 308
265 301
266 301
267 306
273 304
278 302
281 302
283 300
279 294
275 289
282 286
284 285
287 282
279 280
285 275
286 268
292 269
297 271
290 262
292 253
294 256
301 262
303 263
307 263
306 269
309 268
315 263
314 254
309 246
324 216
324 201
323 198
322 200
318 200
321 195
323 191
324 184
330 187
332 179
329 176
321 174
317 173
316 177
318 180
316 182
315 181
314 182
310 189
310 189
307 203
303 198
303 191
306 182
305 176
311 163
319 159
309 151
304 153
302 151
288 153
285 158
279 163
270 168
276 173
279 176
283 179
286 176
290 175
294 180
287 187
289 196
274 182
273 187
267 188
268 193
261 197
263 201
261 200
254 200
252 194
262 186
261 182
256 181
256 177
254 178
248 175
242 174
252 173
255 169
276 148
272 98
273 93
270 90
271 90
272 89
275 88
271 87
269 88
267 87
265 91
263 89
263 82
256 85
254 85
251 82
245 77
237 79
232 70
227 77
224 74
225 72
226 69
226 68
226 63
223 63
221 61
224 60
220 55
215 56
211 62
209 59
207 61
206 61
204 58
201 49
211 52
220 53
226 53
242 49
244 51
240 55
241 57
238 59
246 61
248 52
255 56
254 60
258 73
259 76
270 75
271 75
274 75
273 80
272 81
272 82
278 80
278 80
281 75
282 71
285 76
284 80
288 79
289 76
290 76
291 78
295 82
294 83
292 84
289 89
297 97
309 94
308 88
306 87
304 85
310 85
310 83
310 82
312 77
314 83
314 85
317 88
320 83
323 85
320 93
334 98
339 94
342 91
340 80
339 80
333 79
330 77
327 73
326 73
325 70
328 66
323 62
321 60
317 63
311 66
311 72
308 73
303 71
302 68
298 67
297 65
295 68
296 70
291 68
289 62
299 59
302 59
304 60
303 57
308 56
315 56
317 53
307 52
304 52
302 52
302 54
299 53
299 52
297 51
290 51
285 59
279 59
275 60
266 64
265 65
265 59
265 50
267 50
272 53
276 53
276 46
280 46
281 43
287 47
295 44
299 44
312 43
313 43
315 42
320 45
327 50
332 54
336 63
333 66
337 67
336 73
346 71
346 69
346 67
352 64
348 61
346 52
342 40
350 44
352 49
353 51
351 54
352 55
356 51
360 47
357 55
364 61
361 64
362 71
366 72
364 75
353 74
355 83
357 86
353 94
362 96
359 88
362 83
374 83
370 73
372 70
371 67
372 66
377 66
376 60
375 59
380 59
380 54
375 49
367 41
368 39
391 38
401 36
411 45
413 51
406 55
405 52
406 48
403 47
394 51
389 55
398 54
399 55
402 59
404 63
398 62
397 63
400 68
403 71
400 71
394 73
398 80
392 80
393 83
393 84
391 86
386 78
382 77
384 83
385 89
391 96
403 104
408 97
406 88
411 76
412 68
416 63
419 68
422 63
422 50
423 43
441 59
442 59
442 62
422 71
421 70
419 72
420 75
418 79
421 81
419 84
416 94
421 101
425 96
430 101
432 94
428 85
434 89
440 87
435 82
434 79
436 78
438 75
438 76
439 81
439 81
442 83
450 84
454 84
454 79
453 74
451 72
450 71
454 69
462 51
461 67
462 72
463 78
463 85
470 87
475 92
472 93
470 94
469 94
464 93
460 94
457 93
452 94
451 95
450 94
447 89
443 93
444 94
443 94
442 95
447 100
457 97
457 99
464 104
463 106
461 106
462 108
458 109
460 110
460 113
461 115
462 117
464 119
463 121
460 119
455 121
442 114
441 114
437 109
430 109
432 112
439 115
447 120
456 133
464 142
468 132
465 132
462 128
466 125
468 127
470 124
476 124
476 117
472 118
469 114
472 111
476 111
472 104
468 103
469 99
470 99
473 99
479 98
478 102
482 107
483 112
484 112
486 111
489 119
491 111
491 109
492 94
502 106
506 106
509 114
502 116
503 121
500 125
496 128
502 132
505 135
508 130
511 135
525 142
520 142
513 147
510 151
507 141
505 142
502 141
503 144
501 152
492 150
492 146
490 147
488 144
493 138
492 131
491 130
486 132
475 133
475 132
471 130
472 132
472 136
474 142
481 139
484 141
482 145
483 146
484 148
476 152
475 153
469 153
473 159
482 157
484 156
488 153
489 157
492 158
495 163
493 167
489 169
488 171
487 171
490 175
484 182
486 190
496 223
509 230
512 242
514 247
513 264
529 284
531 286
527 290
527 296
529 298
532 294
538 300
540 289
545 289
546 290
546 293
547 290
553 282
550 281
547 277
546 273
548 275
553 274
555 274
560 283
561 285
565 290
568 296
565 299
559 303
560 308
566 307
566 308
564 309
563 310
564 317
569 317
568 321
568 323
567 328
561 327
556 323
548 325
548 315
544 308
542 313
541 313
537 311
535 306
533 307
533 306
530 304
531 308
528 310
528 311
532 318
531 321
537 320
541 324
545 334
541 334
537 328
536 327
534 329
530 332
529 334
524 345
532 357
533 351
540 345
548 343
552 338
554 335
572 336
566 338
561 343
552 362
565 363
564 360
573 351
577 345
576 343
579 337
574 325
583 306
577 304
583 294
570 293
566 286
567 283
573 284
570 276
563 275
564 270
562 266
565 267
569 267
571 258
568 254
568 254
567 247
568 244
568 238
558 251
558 255
552 258
554 249
555 244
555 241
547 244
547 244
545 243
546 233
547 231
566 225
564 215
564 214
566 206
554 215
552 215
548 216
546 216
541 216
546 218
545 222
543 222
537 227
533 231
534 235
534 243
538 247
540 255
536 258
536 261
534 262
539 265
537 267
539 271
541 272
540 278
536 278
532 278
528 276
527 273
525 273
523 269
520 263
522 259
529 261
529 256
523 252
525 249
524 242
523 237
525 234
521 233
517 226
508 224
507 217
508 212
511 213
516 213
515 208
517 205
515 206
514 207
511 205
509 204
505 200
502 201
503 194
499 190
496 188
491 183
499 177
499 175
497 168
499 168
506 177
508 180
511 179
514 175
511 170
509 169
506 168
505 163
504 162
500 159
501 157
503 156
506 158
509 160
517 161
518 159
524 158
529 156
525 160
524 170
522 173
525 177
524 179
529 186
531 190
533 189
534 191
533 197
527 197
525 195
525 194
523 191
520 187
519 183
515 184
511 184
509 184
510 186
507 187
510 191
516 193
522 199
524 199
525 202
530 207
527 208
527 209
527 211
534 211
538 204
535 199
540 198
549 205
552 200
549 197
554 194
545 189
539 189
538 184
542 181
535 180
536 176
534 173
538 173
545 176
546 165
