154 168
143 169
143 168
144 164
145 163
140 157
147 155
153 156
156 155
158 155
160 156
170 153
173 160
171 164
168 163
160 166
168 170
172 166
174 165
179 161
179 161
182 165
183 164
185 157
189 158
191 163
189 169
198 167
196 161
200 160
203 156
209 165
213 168
214 169
217 168
218 168
217 163
218 162
213 157
222 151
228 152
230 152
231 154
232 157
223 161
225 164
243 169
246 169
237 157
239 155
249 156
254 163
256 164
270 168
273 167
280 162
265 161
262 158
265 152
270 156
271 158
274 157
273 154
280 151
292 151
295 153
301 153
297 156
294 156
295 159
300 162
308 159
315 160
318 150
326 152
325 155
324 161
327 163
336 165
339 167
339 164
337 154
335 154
337 149
338 151
341 155
344 155
351 157
351 157
352 156
357 161
356 158
353 155
346 149
350 150
355 149
360 151
366 156
372 158
363 160
366 163
363 166
366 167
369 164
373 165
384 154
391 148
391 151
392 152
389 159
392 159
398 157
399 156
402 166
405 156
405 148
409 154
416 157
422 163
424 166
427 166
428 162
434 159
433 155
435 155
438 159
439 158
441 160
446 159
453 161
456 153
456 149
465 147
463 149
460 158
466 160
470 161
471 154
471 151
484 147
485 151
486 159
488 160
491 160
492 158
493 158
494 157
495 164
496 164
495 168
494 173
491 166
489 167
487 170
481 171
481 169
481 164
481 163
479 163
477 166
476 170
477 173
477 174
480 174
480 177
485 184
487 182
490 180
493 180
495 185
493 189
488 193
483 193
480 195
478 195
479 199
477 202
484 209
493 209
488 218
484 214
484 213
482 213
479 221
479 231
483 231
484 229
485 226
487 226
489 225
490 223
492 223
492 227
486 235
482 237
479 243
485 243
488 241
489 242
495 238
494 240
495 245
485 250
484 248
481 249
478 257
479 260
481 261
485 258
494 259
494 261
486 269
481 276
485 274
491 272
492 272
493 275
492 276
490 275
487 279
482 286
497 285
498 288
495 290
496 296
496 297
498 304
492 299
491 296
487 297
486 299
486 301
487 305
481 305
486 309
487 317
489 317
493 317
495 318
491 321
489 320
487 322
484 323
483 319
479 323
480 331
490 334
495 326
498 330
492 335
485 341
485 348
481 348
481 353
484 356
488 355
490 347
491 348
494 347
494 356
499 357
494 363
492 365
487 366
488 367
489 369
487 369
487 370
489 372
486 371
484 369
480 372
481 377
484 377
485 375
487 382
487 384
489 379
491 376
493 373
500 374
498 381
494 385
496 386
498 392
500 395
499 399
496 402
492 402
492 386
490 386
489 389
482 391
480 393
479 393
483 396
485 400
479 402
467 395
459 397
458 400
461 402
463 404
453 406
453 403
451 401
457 391
453 390
438 395
430 399
429 402
426 405
425 408
420 403
423 399
423 395
412 401
414 406
410 408
406 408
407 406
408 396
405 392
404 395
404 397
389 406
381 405
382 400
386 396
382 393
369 405
359 406
361 393
358 391
353 393
352 395
351 395
347 397
334 393
324 394
324 401
329 401
328 405
336 405
336 406
344 408
346 410
323 462
323 463
320 459
315 458
313 457
311 455
309 461
307 461
300 459
299 462
291 455
292 460
290 462
285 460
284 467
278 466
270 471
279 472
280 474
283 472
286 472
289 473
304 469
305 470
307 471
308 471
315 470
316 467
319 472
323 466
326 466
325 469
325 470
328 472
329 472
335 464
338 470
344 466
349 465
353 460
359 456
364 458
367 454
366 457
367 461
366 465
360 468
356 469
356 472
372 471
381 473
382 466
380 464
382 462
390 465
392 470
395 471
394 460
405 459
407 459
406 461
405 463
409 467
411 466
420 469
417 466
414 458
425 456
429 456
434 454
430 464
432 467
436 467
436 461
437 459
439 461
443 457
442 467
449 471
453 472
478 516
479 514
491 509
499 512
500 518
510 522
510 521
508 517
513 510
514 512
520 514
523 511
526 509
530 511
535 509
539 509
556 511
566 513
568 516
570 516
580 515
594 522
595 520
596 519
597 517
605 518
611 509
618 508
625 511
623 505
626 502
621 494
619 494
618 488
622 488
623 490
626 486
627 483
631 484
632 481
635 483
635 485
635 499
636 508
628 513
626 519
624 518
618 524
617 526
609 527
566 527
564 526
555 519
548 526
541 525
541 525
540 525
535 518
534 519
533 518
527 517
526 516
526 520
512 527
511 526
506 526
504 524
496 525
493 521
488 522
482 523
478 522
470 522
467 522
467 521
462 517
458 522
457 521
450 523
440 526
431 522
436 520
438 518
444 516
445 514
437 511
431 514
422 511
424 521
422 521
419 520
417 525
409 517
408 512
386 513
379 515
377 515
384 525
384 527
374 528
371 524
370 521
371 519
370 516
360 519
360 524
356 522
351 518
341 516
342 511
339 510
330 511
332 520
333 524
339 529
333 526
329 523
328 519
321 518
322 522
321 530
318 526
301 530
305 512
301 515
293 521
291 520
287 514
289 521
283 529
282 524
280 517
278 513
268 516
260 513
259 512
255 515
255 520
262 522
261 529
259 529
249 529
243 524
242 515
241 516
238 518
237 518
236 518
236 516
233 511
222 518
224 521
229 525
222 524
220 528
213 519
214 516
215 513
210 513
208 517
203 523
198 528
193 529
192 524
191 526
191 527
185 529
180 526
168 523
166 527
163 531
160 531
147 527
142 529
140 525
137 525
134 524
132 520
134 518
129 518
121 527
111 531
98 525
101 522
101 520
98 518
89 520
86 517
83 522
82 519
77 518
77 516
73 515
69 518
69 518
69 518
73 519
72 520
72 522
72 526
57 527
52 529
48 528
47 517
45 516
44 514
39 503
46 501
50 507
51 505
50 503
50 501
48 499
46 498
52 486
51 481
42 466
49 469
54 480
54 483
55 488
55 490
116 515
115 516
116 519
124 515
130 513
143 513
141 520
143 518
149 517
152 518
162 519
170 513
170 518
181 525
184 525
187 522
204 471
196 468
193 472
183 471
177 467
171 467
167 461
166 459
169 457
173 457
176 456
178 462
185 467
193 466
192 459
190 456
197 455
198 459
198 461
219 455
222 465
229 464
230 467
227 472
237 473
238 469
256 473
256 471
251 465
244 467
238 467
235 462
241 456
244 456
245 457
254 456
255 459
258 458
260 456
261 460
265 459
266 461
270 463
270 460
247 412
254 410
252 408
254 406
260 410
273 409
272 403
273 400
277 404
283 401
286 403
293 407
294 402
302 401
303 405
314 405
316 406
320 403
317 400
294 395
284 395
276 396
274 396
269 393
267 404
265 405
264 401
256 399
254 397
250 398
245 407
242 406
238 404
238 397
230 402
233 406
232 407
225 407
217 402
211 396
205 402
202 400
197 402
197 405
201 410
200 413
164 456
162 457
162 465
162 473
158 471
153 472
151 463
148 463
148 462
151 458
146 458
138 457
133 465
128 461
127 462
126 463
126 465
122 465
121 465
121 467
120 472
107 467
113 465
117 456
122 459
123 451
125 451
125 446
126 441
128 433
120 426
122 417
127 408
124 407
123 409
121 411
118 408
109 409
111 418
114 423
112 427
117 427
116 429
116 432
120 439
121 441
113 440
111 449
58 450
51 445
56 456
47 459
46 454
45 453
40 445
39 444
41 437
49 430
52 432
53 432
55 434
58 426
51 428
45 426
41 428
43 426
44 423
41 418
47 414
58 415
55 411
41 407
39 396
43 401
52 402
52 398
50 393
52 390
44 391
44 386
48 387
56 384
57 382
58 380
57 375
57 375
42 370
40 367
44 365
50 369
52 368
53 365
58 344
51 351
43 353
45 354
46 356
45 358
42 357
40 353
43 348
44 348
44 346
40 344
39 344
42 337
42 331
41 322
44 326
47 337
48 336
55 337
56 331
55 330
51 326
57 323
50 317
52 311
42 311
44 305
48 304
57 300
54 293
50 293
45 292
46 286
48 286
50 283
43 275
39 263
44 251
39 243
46 247
47 246
47 242
45 240
43 239
42 237
42 236
42 234
44 234
47 228
44 225
41 222
45 218
49 217
52 225
52 231
57 230
55 238
56 246
53 248
51 257
55 254
57 252
58 254
57 255
58 260
55 259
52 266
52 267
51 277
51 281
52 287
54 288
55 289
117 290
117 293
112 294
109 297
111 304
111 307
118 309
119 310
117 312
111 313
108 313
109 317
108 322
112 321
116 327
116 333
111 336
110 338
114 341
118 340
118 341
116 345
113 348
109 351
108 354
117 357
116 363
117 364
115 365
116 367
121 366
121 369
121 371
123 374
121 375
121 377
117 376
117 377
113 380
110 380
112 387
121 385
121 388
117 395
120 403
125 404
126 403
126 401
126 398
125 397
122 395
124 389
123 387
123 386
124 385
127 379
126 376
127 375
126 370
124 359
127 354
123 351
120 347
120 346
123 340
122 331
126 329
123 317
124 310
122 307
119 305
121 300
122 298
121 294
122 290
122 286
124 285
125 286
125 284
118 281
111 283
111 280
106 279
106 278
107 276
109 275
115 274
122 275
124 274
124 273
118 266
118 262
117 265
115 266
115 269
112 268
107 269
108 264
109 263
111 260
113 263
116 259
115 257
117 255
118 254
120 256
124 244
124 235
121 239
120 238
116 240
113 243
118 244
120 245
119 247
118 248
111 253
112 247
111 246
110 245
107 245
105 243
109 238
110 237
107 235
114 233
115 227
109 228
108 229
105 219
114 213
119 219
121 214
121 211
120 210
118 203
117 205
110 208
110 208
109 204
107 203
108 201
110 199
112 199
118 199
117 196
121 194
118 187
112 188
108 191
112 194
108 198
106 196
106 194
106 192
105 190
106 186
104 179
105 176
112 179
113 177
114 174
104 171
106 170
106 169
106 159
110 157
111 156
117 154
121 153
111 158
111 160
110 163
113 167
113 169
119 170
122 174
120 163
122 158
123 159
131 163
129 153
134 101
127 103
118 103
107 102
100 99
101 95
102 92
92 90
84 89
83 89
82 84
79 84
79 87
79 90
74 91
74 96
72 97
73 97
89 97
90 100
75 103
69 102
58 107
61 102
60 96
58 93
58 94
56 97
54 98
55 100
54 106
56 120
51 125
52 129
54 130
52 133
50 132
51 134
57 140
57 140
56 143
51 147
49 144
45 150
49 152
48 155
47 160
47 163
50 165
58 178
58 181
57 183
53 189
49 203
49 207
43 210
43 200
45 199
46 195
48 191
47 190
46 187
48 187
50 184
51 183
51 177
44 173
42 173
43 167
44 158
41 155
39 154
39 151
39 150
40 146
39 145
41 145
42 142
40 140
43 139
43 132
39 124
39 102
44 105
49 100
52 100
51 99
40 92
41 89
41 85
50 89
50 90
54 90
58 84
59 89
62 92
69 87
66 86
60 49
61 48
59 46
58 40
56 46
47 47
49 42
50 42
51 41
54 35
62 33
69 34
72 37
72 38
74 38
80 35
91 35
103 36
106 36
109 36
114 36
115 35
116 36
119 35
128 37
132 37
142 34
144 39
148 43
153 44
153 43
157 41
162 33
174 33
171 36
170 40
174 39
175 39
179 41
184 43
192 35
202 33
205 37
208 32
209 35
211 38
214 41
215 40
254 34
251 41
255 49
252 47
252 47
243 44
237 47
234 48
222 44
204 47
204 45
200 45
197 47
196 51
193 48
194 46
190 46
182 50
176 50
176 44
171 44
168 51
166 48
165 49
162 50
159 45
149 51
146 49
138 50
137 46
125 45
123 44
122 43
114 40
108 44
104 46
94 48
90 48
92 43
89 44
82 45
70 46
68 46
93 84
105 89
105 89
108 92
110 93
110 93
119 92
123 96
129 85
130 85
130 84
134 86
144 86
149 96
148 100
147 100
148 102
151 100
161 96
163 89
171 91
175 99
172 101
169 100
165 101
168 104
173 104
187 96
190 100
191 100
192 104
196 101
198 97
187 89
190 88
194 85
199 88
201 90
207 93
215 92
215 104
216 103
226 98
225 96
227 93
232 90
233 90
235 90
240 92
241 95
245 90
246 89
253 90
256 89
259 85
266 91
266 102
273 101
273 96
276 98
276 99
280 99
282 102
283 98
283 96
280 95
277 87
280 85
265 48
277 45
272 34
279 34
289 50
290 49
298 41
296 32
299 37
299 41
302 46
306 41
315 36
318 36
327 33
327 40
325 41
326 51
330 46
335 43
341 39
344 50
346 51
350 44
363 37
369 45
375 44
374 41
386 33
388 40
393 39
396 44
400 44
405 38
405 37
408 39
407 42
414 44
414 48
410 49
401 49
387 51
383 46
380 47
379 49
376 49
362 52
365 88
356 86
351 93
346 90
344 89
335 87
332 91
329 94
312 97
305 94
304 92
302 88
297 88
294 86
292 88
285 97
286 99
294 102
294 93
295 94
310 103
321 102
327 105
330 103
330 101
329 99
348 99
353 103
372 101
371 88
376 89
383 89
382 101
384 103
384 102
386 100
386 99
389 96
394 91
406 93
403 94
403 94
402 96
403 97
395 102
401 104
405 105
411 105
413 103
419 103
421 103
423 102
420 87
436 90
440 99
440 88
443 86
447 86
452 88
456 100
466 99
466 94
472 90
473 93
474 99
472 102
475 105
478 105
490 98
483 93
486 90
491 91
503 89
508 101
509 103
511 95
509 92
511 88
517 91
520 93
523 91
526 88
526 94
528 104
533 96
539 96
540 101
555 124
554 135
557 134
557 134
562 137
563 139
554 142
554 145
557 153
553 153
552 157
560 157
557 161
556 162
557 164
562 166
559 170
554 174
552 177
556 183
557 184
558 184
560 189
562 191
552 196
561 200
560 201
558 201
555 205
555 208
557 211
555 213
559 215
561 218
561 210
566 210
568 209
565 213
564 214
567 218
566 220
563 222
555 228
552 236
552 238
556 250
557 251
563 247
560 243
563 236
565 234
571 234
568 237
569 243
568 248
563 259
562 262
568 263
571 264
570 268
569 273
568 278
567 274
564 270
564 270
560 273
561 277
564 281
562 283
561 283
560 284
561 285
556 287
557 293
557 295
555 298
561 297
560 314
556 316
556 320
556 321
559 323
563 328
559 331
560 334
566 337
564 342
561 344
563 346
565 354
563 355
560 354
558 355
556 356
560 359
555 364
557 371
558 375
558 378
553 381
556 382
557 389
558 389
559 388
559 389
559 390
553 394
556 398
560 400
560 414
566 424
565 428
566 436
563 440
553 445
535 452
536 455
533 457
533 455
532 454
529 457
526 456
515 453
505 453
494 454
494 454
487 455
484 456
484 457
485 459
476 459
472 459
467 453
464 454
462 460
459 461
465 464
468 466
480 464
486 466
486 462
488 461
491 462
495 459
496 462
496 462
495 467
501 471
510 460
515 462
517 466
525 471
528 471
529 471
528 465
536 460
541 458
549 459
553 458
553 461
555 463
564 469
564 471
569 469
568 468
568 464
574 463
571 460
568 460
568 457
567 456
565 455
564 455
562 456
562 458
563 460
559 458
559 455
556 454
562 449
567 452
568 452
572 442
567 441
566 441
568 437
570 436
571 436
570 427
567 415
567 413
566 402
566 399
565 396
563 396
561 394
567 389
568 389
566 384
569 376
571 372
572 372
571 368
569 367
569 365
563 370
563 367
562 363
562 359
566 357
571 358
571 353
569 353
570 343
571 332
569 332
566 328
568 325
563 319
569 307
568 305
568 303
566 299
570 292
618 259
618 267
614 272
614 277
618 279
626 287
628 293
624 298
615 300
616 301
621 303
622 310
620 314
618 316
615 315
618 332
619 339
618 342
618 343
616 342
615 346
616 352
615 356
617 358
618 361
617 366
621 370
617 371
619 380
620 382
617 382
617 384
617 388
622 396
620 400
621 413
626 422
624 423
617 428
616 429
616 438
617 440
619 448
619 454
618 466
617 467
622 473
622 475
624 474
628 476
630 477
633 479
635 477
635 472
629 472
629 470
635 461
633 456
628 455
630 451
632 450
631 441
634 439
627 437
630 430
632 430
629 422
628 409
630 399
627 396
625 389
630 384
629 382
633 383
632 381
632 379
632 375
631 369
628 370
627 367
627 366
624 364
618 353
620 352
622 352
629 355
628 349
633 348
631 341
634 331
631 332
625 331
628 326
627 325
628 323
630 319
627 318
632 312
628 304
629 302
630 300
633 291
633 288
632 286
630 277
630 272
628 264
625 261
625 256
625 251
624 251
618 247
623 241
616 231
615 229
614 218
619 217
620 219
621 222
621 223
625 224
628 229
631 226
632 226
632 225
629 222
632 217
627 217
627 208
629 208
629 205
627 195
628 191
632 192
631 185
628 185
620 186
616 192
614 204
571 201
571 199
570 187
568 183
569 180
568 179
563 178
566 172
571 174
569 166
569 156
568 153
565 153
567 144
567 135
569 134
565 131
561 117
564 116
564 113
567 114
571 115
569 113
570 106
566 108
563 102
559 104
558 108
557 106
555 106
552 103
548 104
546 103
545 97
546 96
551 91
555 95
566 90
574 87
560 53
559 47
536 46
531 53
528 47
518 50
514 45
502 51
496 44
492 40
481 40
481 46
480 49
472 50
467 49
466 44
462 46
461 48
458 46
441 47
435 52
436 43
432 43
431 44
426 34
432 36
434 36
460 40
478 34
480 35
489 36
491 35
498 33
502 42
505 42
510 39
532 39
550 41
554 42
555 42
562 41
564 44
571 40
575 52
583 52
584 51
583 45
578 38
583 35
588 35
590 41
588 45
588 47
600 34
612 40
610 41
610 44
610 44
613 45
613 51
615 52
615 52
617 49
620 48
622 46
626 40
629 45
627 50
624 50
621 52
614 56
612 65
620 65
616 74
613 74
615 75
616 76
616 88
615 102
621 109
622 121
619 124
620 129
624 145
621 168
631 166
628 159
627 156
628 150
631 138
631 137
630 137
624 125
626 114
625 113
624 111
627 103
622 99
622 92
625 85
629 85
631 84
630 73
631 60
