40 68
44 66
48 66
51 67
52 63
54 57
61 53
60 52
60 51
57 50
57 49
59 45
62 38
68 36
72 36
72 36
73 39
68 40
68 47
73 54
74 54
74 56
82 54
88 55
86 49
83 46
84 45
83 38
84 35
94 38
96 45
102 40
104 40
105 42
109 45
110 46
113 41
122 36
123 34
128 30
129 26
129 22
130 21
118 22
101 25
98 24
86 22
80 23
65 28
61 28
60 28
57 27
53 28
51 31
46 33
43 24
39 21
34 22
33 22
22 25
27 28
27 30
33 38
33 41
32 43
24 43
24 48
24 49
27 54
27 55
30 51
34 57
37 55
44 55
34 64
35 68
34 67
29 64
30 67
28 70
26 73
28 75
27 78
24 76
21 78
20 82
29 86
31 83
32 77
39 82
43 77
49 77
50 76
50 79
52 82
48 85
47 90
44 97
42 103
38 107
38 109
37 110
36 106
34 100
29 99
22 99
23 100
24 103
21 103
22 106
20 114
24 115
23 112
30 109
31 118
34 118
35 125
39 130
45 135
48 136
54 137
56 143
54 148
44 144
41 155
38 158
32 156
31 164
33 168
37 173
43 164
49 168
51 168
54 169
56 167
54 162
52 159
58 164
61 165
60 170
70 165
74 161
76 159
77 157
80 154
86 153
94 146
99 140
97 138
94 139
94 135
92 133
93 127
87 128
84 132
79 136
82 141
75 145
71 144
69 129
76 125
76 124
76 123
74 120
71 116
66 116
69 106
71 102
67 98
60 97
62 92
57 89
62 86
64 81
65 75
68 73
64 68
66 61
72 65
79 64
83 71
89 68
89 67
96 62
94 58
101 56
108 60
112 63
110 73
111 75
112 81
118 78
118 84
122 88
125 81
132 77
133 77
137 79
137 68
136 61
134 59
134 54
131 53
135 51
143 50
143 53
142 56
153 57
156 58
157 53
162 58
163 61
163 62
167 65
161 70
159 66
156 70
152 74
153 82
163 85
164 81
176 77
178 69
177 57
174 53
166 47
169 41
167 35
160 40
154 45
153 45
149 39
147 40
146 38
142 28
147 30
148 28
149 25
149 23
154 26
154 26
155 27
155 28
153 34
165 26
170 20
188 23
189 27
193 22
202 22
204 21
209 23
212 23
210 26
213 28
221 26
221 29
225 29
223 37
222 49
217 54
213 48
215 47
209 37
203 32
205 30
201 27
185 34
192 36
195 39
197 41
199 49
195 45
188 44
181 43
188 56
187 57
194 62
204 73
201 81
197 83
200 88
204 86
205 83
206 83
208 80
212 81
214 72
210 68
208 64
212 60
228 62
232 65
240 60
244 61
244 60
242 56
236 52
240 48
243 48
243 44
246 40
253 42
262 44
263 48
263 49
263 49
266 45
273 45
286 46
290 41
293 40
296 36
300 35
306 38
299 42
299 44
301 45
300 51
299 61
296 61
284 65
281 63
283 74
290 80
299 70
305 72
309 74
310 78
313 77
317 76
320 77
316 84
312 81
306 87
307 95
309 102
313 110
320 122
323 125
331 128
334 124
343 130
344 130
337 135
335 140
332 148
323 153
318 155
310 154
308 155
309 159
310 163
312 170
310 174
313 175
318 172
323 168
327 169
325 164
333 154
340 162
344 166
350 166
351 159
357 155
360 153
363 151
364 144
366 143
363 138
358 146
354 142
359 136
368 134
372 139
373 140
374 136
374 132
364 122
362 118
359 118
354 120
348 119
352 111
352 110
354 109
364 113
374 118
377 114
384 118
384 121
388 118
390 121
398 115
408 122
417 123
419 126
422 121
422 117
421 114
420 112
415 109
414 105
415 105
417 103
420 96
419 95
421 93
421 90
422 88
428 90
437 91
438 89
446 84
450 83
454 75
458 72
458 70
464 69
474 66
479 72
483 71
486 67
491 68
493 70
492 75
475 76
474 76
471 81
473 90
476 87
481 87
480 85
482 80
488 82
489 89
494 93
493 99
488 98
485 103
483 105
481 109
475 110
458 113
457 113
456 114
453 112
436 120
425 120
431 122
435 126
438 122
439 121
443 121
446 122
455 121
459 123
464 124
468 126
466 130
464 136
471 138
473 140
474 141
472 144
472 148
468 151
465 154
463 151
459 156
453 159
448 159
448 166
440 164
437 167
438 175
438 178
447 180
447 186
444 192
434 191
432 186
432 185
423 189
422 185
423 180
423 177
425 149
430 145
425 141
419 144
422 135
413 134
410 132
411 139
411 144
404 140
402 146
401 149
402 153
405 151
412 158
412 159
413 165
414 165
417 170
418 176
415 184
410 191
404 189
400 190
397 187
396 185
391 185
382 187
374 187
367 184
360 187
364 204
363 206
365 208
373 211
373 211
383 215
385 213
385 209
392 213
395 209
397 206
403 206
435 202
435 204
429 211
425 218
429 223
417 230
425 236
429 247
415 246
409 245
402 235
402 234
399 230
400 222
407 226
409 222
410 220
415 219
412 212
406 212
394 223
388 221
387 223
381 222
381 227
377 228
377 230
379 233
390 236
387 244
392 245
388 251
390 253
382 256
374 257
375 256
376 252
378 248
368 243
366 236
359 238
354 243
354 247
354 248
355 249
351 251
342 247
341 247
350 238
353 232
360 228
364 227
359 222
358 220
359 210
350 212
350 211
343 209
342 203
344 201
348 197
350 196
348 195
350 187
347 187
341 188
344 193
342 196
340 199
338 202
336 204
333 205
330 200
332 193
339 182
342 180
342 179
336 181
329 182
315 203
317 208
320 206
327 209
328 216
330 221
332 223
341 221
348 224
352 226
347 229
343 228
345 233
342 235
338 235
332 237
331 234
329 227
324 225
312 230
307 234
310 239
316 237
320 237
320 236
320 236
322 236
324 242
324 249
330 259
331 263
329 265
323 265
315 257
309 264
307 267
308 269
306 274
314 281
317 286
320 299
325 303
321 309
318 314
316 315
314 312
314 306
306 296
309 293
303 292
306 291
308 289
311 287
308 285
300 269
301 264
295 261
292 273
288 274
284 269
284 260
286 262
288 261
290 258
288 257
285 256
287 249
287 246
286 245
292 241
293 241
296 229
292 227
297 219
300 213
301 211
305 213
310 208
313 204
307 203
301 197
299 200
294 203
290 208
292 210
290 212
290 214
282 230
276 229
274 226
273 229
269 230
272 237
279 255
273 257
265 249
261 242
259 241
255 246
255 256
259 258
256 260
257 261
254 270
260 273
254 278
246 277
246 271
240 263
238 261
228 262
227 262
225 265
222 266
219 270
219 277
214 276
211 281
214 287
213 290
207 289
202 289
196 288
194 293
192 290
188 286
189 279
193 278
198 275
204 267
206 267
206 261
213 256
210 250
208 250
212 243
214 241
212 240
206 234
202 234
204 227
202 226
199 229
193 226
190 233
185 229
180 231
176 218
177 218
180 214
180 217
182 222
184 221
190 220
191 217
191 217
190 206
194 205
196 210
197 207
203 205
207 203
212 207
211 211
211 214
219 219
214 220
212 222
213 226
217 225
222 229
225 230
226 228
224 226
226 220
228 217
232 213
234 212
239 217
240 219
245 218
248 214
247 205
243 202
245 197
250 194
254 195
263 201
263 202
274 206
270 202
267 200
265 195
263 184
269 184
268 188
270 191
275 196
280 197
281 194
285 193
286 197
287 198
290 197
290 192
298 187
299 186
301 183
302 176
301 169
297 169
294 164
292 159
293 154
296 153
299 150
299 148
298 143
297 144
294 143
294 145
291 145
287 144
288 143
288 140
287 133
287 122
284 116
289 111
290 110
293 112
294 119
293 121
291 121
292 122
295 125
299 123
304 126
304 121
312 120
309 117
303 111
303 109
301 108
298 105
295 105
291 98
298 91
300 83
291 87
292 90
287 90
289 98
275 114
276 115
274 120
275 125
270 121
272 120
269 110
266 106
266 104
262 105
260 104
257 102
263 101
270 95
264 91
266 86
278 81
271 77
272 75
273 65
266 63
258 71
257 70
253 68
250 68
248 77
243 77
248 83
251 82
254 78
254 88
255 89
258 94
240 85
237 86
230 75
230 82
226 86
226 88
233 91
233 91
233 96
237 94
240 93
239 98
236 100
221 94
226 102
265 124
266 125
266 131
262 130
259 131
256 133
253 138
250 135
243 140
239 135
234 137
229 135
223 133
223 132
216 128
214 130
204 139
202 137
202 139
203 145
201 151
204 150
208 148
209 143
211 139
214 138
222 139
224 148
230 150
225 156
223 155
217 150
217 165
222 167
226 172
226 175
220 177
219 180
216 172
211 171
207 181
205 185
200 184
191 189
186 181
188 175
187 174
181 172
173 169
169 162
169 160
156 158
153 159
148 158
147 158
144 160
147 165
150 167
150 167
154 166
159 168
160 175
163 179
172 178
174 184
174 185
182 190
188 195
177 203
171 203
165 202
163 200
161 209
160 213
154 216
150 211
146 211
145 216
146 217
144 222
136 223
132 224
133 227
131 232
128 236
125 234
124 237
113 236
109 240
110 241
116 242
112 248
108 249
103 251
92 253
87 258
78 244
79 235
84 234
87 228
91 230
92 222
88 219
87 216
88 216
95 212
95 214
94 217
98 218
101 221
107 219
108 217
114 230
119 226
112 216
113 213
115 214
118 211
114 203
105 200
101 197
99 193
97 192
98 190
100 185
94 183
90 192
84 197
83 194
80 192
81 190
73 188
71 184
71 186
70 189
67 195
63 197
67 206
66 215
61 214
58 214
54 219
49 214
48 213
48 211
45 217
47 227
46 231
44 232
52 237
51 242
47 243
42 241
40 241
38 236
34 233
37 227
37 222
29 226
27 223
23 230
27 235
30 237
38 248
49 250
63 251
71 252
72 252
64 253
60 257
69 266
65 274
63 276
60 270
56 270
55 260
49 261
47 263
44 264
39 261
31 264
23 256
22 261
26 262
26 264
22 271
22 272
34 282
42 274
47 272
49 275
50 277
52 279
48 283
44 284
54 286
59 284
65 290
58 295
57 293
55 294
50 292
43 296
39 302
35 296
33 290
32 290
30 283
29 286
25 290
24 293
27 305
21 313
31 315
29 324
21 323
27 338
24 341
31 343
36 339
35 347
37 351
34 351
31 355
29 359
29 364
28 368
30 377
26 379
30 380
40 382
41 385
46 387
39 394
25 394
21 398
20 405
24 407
25 411
24 413
33 413
39 404
45 398
46 400
47 418
49 425
50 427
49 427
39 440
38 441
41 448
31 450
25 452
27 454
28 461
29 464
42 464
43 466
35 472
33 474
31 477
24 476
23 477
22 491
27 488
27 489
29 492
27 499
27 505
25 508
26 509
27 510
24 511
29 514
26 519
34 520
39 521
41 530
43 532
47 529
52 531
51 534
55 539
63 538
65 538
74 538
74 531
75 526
80 526
82 521
78 517
74 514
68 514
69 516
64 520
62 517
62 511
71 511
68 508
64 497
57 494
56 484
63 489
72 483
85 488
80 494
83 502
89 500
92 496
90 491
92 491
92 486
93 483
97 482
99 483
105 483
112 486
114 493
119 491
122 491
122 495
128 497
114 505
114 503
105 492
99 496
102 514
104 517
108 514
117 513
117 521
115 522
113 523
97 518
87 528
87 530
89 529
90 532
91 533
89 534
90 538
101 528
110 533
110 530
111 528
120 525
125 526
120 528
120 536
127 537
139 535
138 529
141 527
143 518
148 515
149 514
150 513
153 511
155 516
156 515
160 515
157 521
152 521
149 527
153 532
160 535
159 526
168 528
169 527
171 528
175 528
173 526
176 517
180 515
184 508
180 505
178 506
175 499
169 496
171 492
163 491
161 494
162 501
166 504
166 508
163 507
161 506
152 506
144 507
145 515
140 513
135 510
135 511
132 517
130 513
129 513
127 508
131 505
135 500
139 498
138 490
134 493
132 490
130 482
121 481
118 481
124 479
130 463
124 466
121 470
114 467
111 464
110 464
105 474
98 470
92 470
82 473
76 470
75 478
72 476
70 474
69 470
59 472
57 468
55 474
51 470
50 468
47 466
50 461
49 459
59 459
65 461
76 459
80 451
83 462
84 459
86 454
86 451
86 447
86 446
84 444
93 447
102 449
101 447
94 442
92 436
91 434
90 433
88 430
85 430
82 430
82 432
75 432
75 433
76 435
70 442
63 442
62 441
59 437
58 434
62 433
58 425
70 426
67 418
91 405
87 398
95 394
96 397
100 397
101 392
110 392
114 394
117 396
118 401
107 398
110 404
99 417
98 422
92 424
90 424
96 428
103 427
104 430
107 432
108 427
114 428
112 419
108 416
106 415
108 413
109 412
113 412
118 408
120 417
126 422
127 426
141 423
136 417
144 412
146 413
148 412
152 411
155 416
158 430
154 435
136 440
136 441
128 442
129 438
121 433
121 439
117 439
115 449
112 454
118 453
119 460
122 460
123 459
124 456
132 452
140 457
142 456
147 450
148 451
156 459
158 460
156 463
148 478
148 492
150 490
151 484
154 483
155 480
157 477
158 473
166 476
166 480
183 483
189 480
191 480
194 488
196 499
196 503
193 508
188 511
193 518
196 522
199 521
200 521
206 515
205 513
204 510
207 509
202 500
203 497
207 499
207 500
215 498
217 497
217 496
223 497
225 494
222 488
226 479
221 478
219 480
217 473
211 478
211 485
211 491
209 488
204 488
203 480
202 473
200 469
204 468
205 468
208 471
207 461
203 452
197 449
190 454
193 462
190 464
190 466
189 466
184 463
176 461
174 454
164 454
160 444
159 439
171 441
177 440
191 441
194 437
195 436
197 440
202 441
206 438
204 436
201 430
199 431
194 431
194 421
190 420
185 415
190 411
189 403
191 403
191 401
192 401
191 393
199 394
200 400
202 406
197 408
202 414
207 412
210 409
216 406
223 412
223 416
222 419
219 419
217 420
219 425
218 429
227 434
221 442
228 439
233 440
240 435
234 430
237 427
238 425
237 422
240 421
244 415
245 411
240 404
236 405
237 400
233 400
231 403
230 395
232 392
227 387
236 381
240 393
239 396
248 399
246 392
245 390
249 389
244 384
243 382
245 382
248 383
247 381
265 357
264 350
267 334
266 332
266 328
277 328
284 312
287 305
294 304
295 305
298 306
289 313
289 316
285 318
285 325
282 327
282 332
277 334
272 345
267 350
269 355
268 356
268 357
271 361
271 368
278 370
281 372
279 378
276 373
269 376
268 383
262 387
258 394
256 395
259 398
256 400
316 459
321 461
325 457
329 457
334 459
334 459
335 460
331 451
326 451
331 443
333 441
342 430
346 430
342 424
339 424
340 421
344 419
347 423
347 426
350 426
352 429
353 435
354 437
357 435
358 434
364 442
372 446
373 449
380 447
381 448
381 449
391 446
396 450
397 440
385 438
378 436
377 438
372 432
372 426
371 425
375 424
382 421
382 430
387 430
386 425
389 423
387 421
386 420
380 415
380 415
377 411
376 409
384 406
389 407
392 403
394 402
393 397
397 392
400 393
405 392
410 394
415 399
415 406
411 409
411 411
408 413
415 423
415 430
419 434
415 436
414 439
413 435
414 432
405 428
407 433
408 438
409 440
406 442
407 443
410 443
410 447
409 458
413 456
415 456
419 459
430 456
432 456
432 455
437 450
444 443
435 438
430 429
431 420
429 414
424 414
423 413
423 405
432 402
436 399
439 401
443 402
442 404
440 403
438 407
438 413
440 414
435 416
436 420
443 421
435 429
443 430
444 428
450 431
455 422
450 416
453 407
455 407
456 406
459 410
459 410
463 411
463 407
461 405
460 401
468 398
468 394
470 395
473 398
478 398
481 388
486 391
488 393
490 394
493 395
494 389
495 386
503 385
505 390
509 387
517 389
519 388
517 385
523 383
526 380
525 368
528 365
531 365
533 364
540 364
546 365
557 365
561 364
568 363
568 370
564 372
561 377
555 382
557 388
558 389
561 390
562 394
558 401
562 410
574 374
574 370
578 369
587 373
590 372
588 369
595 363
591 359
594 359
601 356
604 357
603 364
605 359
606 352
604 347
601 347
601 345
597 339
593 338
587 344
582 344
587 350
583 354
579 353
577 360
572 362
570 360
568 348
561 342
554 349
550 349
549 350
545 354
537 357
532 353
527 363
522 358
520 357
523 356
524 352
523 350
526 343
519 347
513 351
510 356
505 355
504 352
508 351
508 347
506 347
501 347
500 347
500 348
497 353
495 353
488 344
484 337
476 346
476 353
475 353
471 349
467 350
470 344
470 336
466 336
468 328
463 329
459 325
458 320
463 316
469 314
471 312
472 315
473 318
473 322
480 328
485 324
490 314
496 312
496 310
494 304
486 300
480 302
477 304
473 302
473 294
472 294
469 292
474 292
476 283
475 277
479 276
486 277
491 278
492 277
495 280
493 282
487 286
484 291
488 294
491 295
499 297
501 296
509 300
507 306
510 305
516 302
522 302
523 299
523 286
514 289
503 286
499 274
508 271
513 274
514 275
516 265
519 261
520 254
512 251
513 248
513 247
514 243
513 236
515 236
517 234
518 231
511 226
532 227
542 236
548 255
550 259
554 263
554 263
558 260
558 264
562 265
565 263
571 263
567 272
565 273
569 275
577 275
573 282
568 286
567 288
572 285
577 284
581 288
582 289
587 272
591 270
592 270
599 270
604 267
605 262
610 273
615 269
619 269
615 282
618 282
621 289
622 290
626 285
628 285
625 258
624 244
627 239
624 236
621 235
617 244
612 244
603 248
588 261
578 268
577 259
578 260
582 262
582 260
585 257
584 250
597 249
600 242
605 241
608 242
609 235
613 228
617 231
617 227
620 221
619 214
614 216
612 209
615 205
599 205
596 214
595 222
601 220
604 222
601 228
601 231
596 231
585 234
579 236
579 238
576 237
570 233
571 237
571 239
573 244
570 244
563 246
564 255
561 257
559 258
551 255
555 245
555 241
552 240
551 236
552 234
542 230
537 225
534 224
526 208
519 208
513 212
509 209
509 216
501 220
499 222
497 233
491 237
489 240
493 244
493 251
496 257
493 260
484 262
480 263
473 264
469 267
463 260
459 263
457 257
458 249
457 245
466 244
469 239
469 236
466 233
461 237
460 233
457 235
452 236
451 237
450 228
447 221
453 212
453 211
453 209
452 206
455 200
456 186
453 178
459 186
463 192
473 188
474 185
478 183
481 185
483 184
485 182
485 179
490 176
493 179
492 184
497 184
504 187
505 177
507 179
511 184
515 188
519 190
519 187
518 185
521 183
523 181
519 173
514 167
500 161
496 157
492 155
491 157
486 153
482 153
480 153
481 149
482 146
479 137
486 130
488 125
485 119
491 119
494 118
496 116
498 118
500 122
496 130
501 153
506 151
505 148
507 145
509 141
513 139
523 141
525 147
520 152
524 158
520 160
522 169
527 171
535 164
535 162
541 159
538 156
534 153
544 149
550 153
555 153
556 158
557 159
554 161
548 164
541 168
535 183
527 191
522 195
518 195
512 195
517 197
527 201
529 200
529 201
535 202
542 202
542 196
549 189
548 188
549 186
553 182
557 184
559 184
559 188
562 189
568 191
568 190
574 179
571 179
558 176
561 167
562 163
565 164
569 163
568 158
570 147
568 147
568 145
563 140
566 139
575 138
584 136
592 133
587 130
581 129
583 127
582 126
584 124
585 116
587 105
592 106
601 108
598 113
602 122
605 128
603 129
604 131
606 132
616 130
615 125
611 121
613 114
617 107
617 105
622 108
622 100
628 102
633 110
639 116
634 116
634 118
629 120
632 122
639 124
637 131
635 135
628 140
632 142
630 143
623 147
619 139
612 138
614 143
614 143
610 145
601 156
590 150
587 147
582 146
580 149
579 153
585 163
595 166
591 173
591 187
588 189
583 183
575 190
575 191
574 190
573 192
571 194
565 194
564 194
560 197
558 194
553 197
559 207
560 210
560 213
563 209
574 215
574 219
579 219
580 211
578 205
580 202
583 202
591 206
593 202
598 200
603 197
605 197
605 192
610 195
622 197
629 201
629 198
620 190
619 184
611 173
605 172
613 164
616 166
620 170
621 174
625 173
625 171
624 168
626 166
628 166
626 158
629 160
636 161
632 171
628 175
629 177
628 178
627 181
626 182
639 193
639 204
634 208
633 221
639 232
634 233
636 239
638 240
637 251
629 257
629 257
632 259
636 266
638 267
638 278
638 280
634 282
638 287
637 288
630 294
631 302
634 310
636 313
633 322
632 321
626 324
626 322
624 322
614 325
608 321
609 320
607 317
601 319
600 320
595 318
590 318
586 320
585 318
584 313
587 309
592 310
594 307
594 304
591 302
597 294
599 297
603 297
607 307
603 308
600 309
601 314
612 312
613 305
618 296
613 293
609 285
609 283
605 282
597 287
587 290
584 294
579 300
573 300
572 303
569 303
566 294
565 294
557 299
550 299
549 301
547 296
542 290
547 287
553 285
552 284
539 282
533 280
533 284
536 289
533 292
538 297
530 300
529 304
525 306
527 310
523 314
521 314
521 308
511 312
509 315
502 317
493 331
503 331
503 338
513 343
516 331
516 327
523 320
524 322
524 325
526 327
527 328
533 328
533 336
544 335
552 329
554 322
551 325
548 324
546 327
536 307
549 312
552 310
558 311
561 313
576 305
577 309
579 309
578 311
577 311
573 312
572 312
572 312
570 316
562 319
564 322
561 324
558 324
562 332
565 330
571 337
569 324
580 325
582 328
583 326
587 326
587 328
588 330
595 334
602 331
610 340
616 341
618 348
620 358
625 358
627 359
630 363
630 367
636 368
631 378
630 377
628 377
627 382
630 385
634 391
639 394
636 407
633 405
633 407
632 407
631 413
632 415
636 423
633 426
630 430
630 432
627 436
624 436
619 438
621 442
616 444
611 442
605 451
607 438
604 436
607 431
610 426
615 423
608 416
604 408
610 407
609 404
621 402
623 397
623 395
622 393
625 390
617 382
610 387
602 387
599 392
601 396
590 392
589 396
585 401
584 400
582 402
588 407
591 409
587 416
595 417
600 422
594 430
591 435
587 433
586 437
584 440
581 438
578 438
578 433
574 432
573 428
569 428
573 418
559 424
559 426
551 424
551 433
551 434
552 441
544 440
544 442
541 442
537 445
535 443
537 436
537 429
540 428
535 425
528 419
516 423
513 425
518 428
527 432
527 434
524 449
523 462
534 473
537 478
547 476
559 474
562 475
563 478
567 482
563 484
558 486
568 489
586 492
577 481
575 476
583 463
580 455
573 458
573 459
569 463
561 460
557 463
550 463
545 463
544 467
539 470
538 471
536 468
535 461
531 458
539 455
546 447
552 450
555 451
562 445
567 448
584 446
589 447
585 454
588 461
586 463
588 476
591 477
594 480
598 490
600 494
601 494
600 496
605 499
613 499
615 490
614 485
616 484
613 478
611 472
607 475
606 470
605 461
613 455
614 455
621 454
618 461
617 469
623 482
631 480
635 489
631 494
626 490
623 494
630 504
631 504
633 502
636 504
637 516
638 519
633 526
630 531
630 531
632 534
634 536
639 538
624 537
620 536
621 530
619 530
615 525
612 520
626 513
619 511
614 511
612 510
610 508
609 511
608 513
603 519
605 526
608 527
609 529
591 537
591 532
589 529
589 526
591 525
592 520
588 516
590 511
587 502
583 499
582 497
577 498
571 499
571 503
572 503
571 507
567 508
566 503
559 500
549 492
545 494
539 492
546 498
543 511
552 515
551 512
557 506
559 510
561 514
561 517
571 518
572 516
581 527
585 534
585 539
582 536
574 536
578 530
577 529
574 527
565 533
565 533
565 527
559 525
554 526
540 516
537 518
536 525
535 525
535 527
532 528
536 538
523 529
520 526
526 522
524 520
527 514
523 512
521 516
517 513
517 518
512 521
510 524
507 521
506 518
501 527
502 531
504 536
496 533
490 535
492 526
487 525
490 522
487 520
489 518
492 517
498 519
500 514
500 506
504 508
515 499
520 504
523 501
531 498
529 495
525 493
523 487
522 487
522 489
517 491
508 492
506 494
504 499
501 495
493 497
492 503
489 507
482 507
480 505
477 505
477 509
473 511
470 514
470 517
468 527
465 526
458 523
458 522
458 512
459 511
455 510
451 517
448 519
443 512
440 516
429 511
421 514
422 509
423 504
429 504
435 501
437 503
444 503
446 501
448 507
452 505
458 501
460 497
453 496
451 490
454 488
457 487
460 488
462 491
467 489
468 489
467 491
467 497
468 502
470 507
471 504
475 499
474 496
478 494
481 496
482 497
485 491
488 493
493 489
497 489
499 488
501 484
500 478
508 475
508 473
509 467
510 467
514 461
518 459
514 454
509 454
501 458
502 445
503 440
496 433
491 440
488 442
482 439
477 435
477 435
475 437
472 442
460 449
463 453
466 458
465 462
466 463
465 464
459 466
455 467
450 456
448 459
448 466
442 466
439 470
433 468
431 471
429 472
429 475
433 480
429 480
429 481
430 489
428 493
425 487
418 481
419 473
420 472
420 470
418 470
414 473
411 468
410 466
402 466
402 471
402 475
403 477
401 483
395 483
391 478
388 482
385 482
382 481
376 478
383 474
384 465
375 464
373 465
374 461
372 462
365 464
359 469
362 476
365 472
367 475
368 482
371 483
373 487
382 486
384 491
387 492
390 491
396 497
395 487
410 485
414 482
414 485
410 491
410 501
417 505
410 513
410 509
409 509
405 509
389 511
369 521
367 526
364 527
360 518
366 515
382 510
385 510
389 508
387 503
388 495
374 497
374 497
374 503
367 504
365 504
364 505
363 506
362 505
363 495
361 495
355 494
355 497
351 497
344 503
338 503
336 498
340 495
344 493
343 490
343 490
343 481
348 476
349 472
345 468
343 469
342 473
332 477
327 474
318 471
319 482
316 483
310 484
306 487
311 490
310 496
309 498
311 498
312 495
317 495
320 497
321 495
325 497
323 502
320 503
314 508
304 513
299 520
298 522
292 524
290 516
288 514
287 514
282 508
278 503
277 503
275 503
273 501
267 497
262 500
260 500
263 503
261 503
256 508
252 507
249 501
245 496
244 494
242 490
245 488
249 488
248 482
244 483
244 478
238 477
239 472
235 470
232 475
235 483
238 497
235 506
234 508
237 507
237 509
240 514
235 522
240 525
249 523
256 521
259 525
253 533
252 534
252 537
256 538
262 537
272 537
270 530
269 523
271 521
276 519
283 530
280 534
282 535
286 537
297 539
298 534
301 532
309 532
312 537
314 537
314 526
306 525
309 521
310 513
314 514
317 512
318 509
324 509
330 505
331 509
336 509
341 517
348 523
341 526
332 525
333 530
342 539
354 536
354 539
356 539
358 538
361 534
367 535
371 529
371 531
373 536
386 536
391 536
394 533
394 529
393 522
403 523
408 520
411 519
414 524
410 530
420 538
429 539
419 532
418 529
425 525
429 524
434 527
444 522
449 532
449 535
459 532
466 537
473 536
474 530
481 531
480 527
480 527
