240 221
238 218
237 224
233 230
246 223
246 216
247 210
237 205
230 215
230 210
229 203
223 206
221 204
215 202
213 201
207 197
209 199
209 199
209 199
213 206
220 208
225 216
221 217
219 212
218 212
215 213
212 215
211 217
212 218
200 221
201 214
198 214
198 211
200 208
201 208
203 208
205 205
201 200
199 195
199 194
194 184
186 189
185 191
183 191
183 191
181 189
178 188
174 183
170 185
165 180
165 180
166 178
166 173
167 172
165 171
165 168
163 168
161 166
157 169
159 172
154 173
150 177
150 176
149 174
147 170
144 171
145 166
140 166
139 167
136 164
134 167
132 166
126 165
126 171
123 170
122 171
122 176
119 178
119 181
118 183
122 182
122 182
123 181
124 179
124 181
126 183
132 177
137 172
139 174
147 179
146 183
151 181
159 182
159 185
158 187
159 188
164 188
163 196
162 199
169 196
179 196
181 202
184 199
186 200
186 203
182 204
183 205
189 212
187 230
178 221
183 221
185 218
181 215
178 214
178 210
173 208
170 210
170 211
168 211
167 214
170 218
166 222
164 221
165 219
162 216
150 213
149 222
144 227
141 222
137 210
130 211
128 215
127 221
132 222
133 225
127 229
119 230
110 230
114 227
116 221
107 217
106 205
114 208
119 215
122 213
117 204
121 203
125 202
126 200
127 198
134 200
138 204
140 205
144 204
149 205
149 204
152 201
152 198
154 195
150 192
149 194
143 195
142 188
135 191
135 197
133 196
114 191
113 188
112 189
110 187
110 184
109 184
109 180
110 179
109 178
107 176
113 174
112 170
117 171
117 163
115 163
112 165
109 160
107 159
109 156
108 150
119 155
121 155
127 157
131 158
133 155
134 153
135 150
139 149
144 154
149 154
150 161
154 165
157 159
162 155
164 155
166 153
163 142
153 143
153 144
150 145
147 141
143 142
137 139
135 134
143 135
146 136
152 131
161 133
164 137
172 139
172 137
170 130
169 127
163 124
159 120
158 122
151 124
148 122
142 122
142 124
142 125
140 128
138 125
135 123
135 121
126 124
122 130
125 138
129 145
126 149
122 146
117 148
121 145
122 138
122 137
116 131
112 135
112 142
107 140
106 135
110 130
106 127
113 125
117 122
121 121
119 116
112 113
107 102
111 101
115 102
116 105
121 108
127 103
126 110
130 115
134 112
142 108
140 103
156 105
160 114
162 116
163 117
169 118
170 124
179 124
179 124
187 125
188 123
193 121
195 113
186 116
185 112
184 109
183 107
182 108
180 106
178 108
175 109
171 110
168 101
164 105
161 102
160 95
154 98
149 95
148 95
144 94
125 90
124 86
117 93
114 92
110 82
113 85
119 86
119 83
121 81
125 82
134 83
143 89
151 86
154 81
159 87
159 86
161 84
162 83
165 89
170 91
177 98
177 92
174 89
180 81
181 82
182 82
182 88
183 88
186 88
186 90
186 91
180 93
189 98
190 105
199 101
202 100
209 99
211 102
213 94
211 83
215 90
215 92
220 93
222 95
228 97
227 98
228 106
227 106
226 105
222 100
218 99
218 104
218 107
213 110
217 113
216 113
212 115
217 130
215 132
213 132
214 138
216 141
220 146
221 149
217 157
215 162
214 172
209 174
206 167
205 161
211 156
211 151
209 150
208 142
205 137
205 134
202 133
202 132
201 128
197 135
195 141
191 145
190 149
188 136
187 136
181 138
181 139
183 142
184 151
184 151
195 153
199 153
188 163
188 163
186 162
174 166
174 175
182 173
187 179
190 180
196 176
197 170
202 170
203 171
205 174
206 178
214 187
214 189
208 190
211 193
212 191
215 192
219 192
218 191
218 188
219 180
220 181
224 182
232 186
232 187
230 189
230 192
234 191
235 193
238 200
239 196
240 193
231 180
228 172
220 166
221 164
223 161
224 160
227 157
229 157
231 165
242 151
225 141
221 139
223 135
222 133
222 131
223 131
226 137
229 136
231 137
232 127
228 124
237 112
240 110
243 106
243 102
242 100
239 97
235 96
233 94
223 92
221 88
223 86
233 83
235 91
238 85
240 82
248 81
252 82
255 82
254 84
248 87
248 88
242 90
243 90
249 89
251 92
253 98
248 110
241 113
240 115
249 119
251 120
248 124
248 124
248 125
247 129
244 128
241 128
242 133
241 137
237 135
238 138
238 141
242 144
246 143
249 149
252 155
248 159
245 170
246 174
242 178
243 180
253 183
250 192
243 199
246 201
251 203
255 202
254 203
252 206
271 237
272 249
278 245
283 237
289 241
293 240
295 239
296 235
299 236
300 236
304 237
309 237
311 237
314 236
321 245
324 246
327 253
324 257
321 261
322 268
320 270
314 269
311 249
305 249
304 244
304 243
301 244
293 243
292 247
285 251
286 252
289 254
290 253
296 252
297 256
297 259
286 264
281 266
276 264
273 261
274 265
276 269
273 285
280 281
281 282
282 284
284 287
284 292
278 295
276 299
274 310
271 323
276 328
276 326
280 317
287 317
282 322
287 326
283 331
282 332
276 332
273 332
271 338
273 338
273 337
277 336
277 343
277 344
282 344
291 345
299 342
302 347
302 350
301 356
300 367
295 375
292 375
287 370
286 361
283 364
280 363
279 358
277 352
276 361
276 366
273 368
280 373
280 374
280 375
279 378
273 382
275 382
279 382
293 383
301 384
300 378
305 371
305 369
314 368
316 368
324 369
328 372
327 379
325 383
330 377
332 379
334 379
338 372
334 369
328 366
325 358
318 356
317 360
311 366
310 364
307 357
306 345
309 343
307 336
304 331
302 332
301 332
296 337
288 331
291 326
301 327
310 333
311 331
312 325
306 320
304 312
304 308
304 308
305 305
303 303
301 298
299 299
303 312
303 312
302 313
301 315
299 316
290 314
286 307
284 307
279 305
282 301
288 298
295 296
296 292
292 284
294 280
287 281
282 275
289 269
291 268
296 265
299 263
302 259
309 262
307 273
304 271
303 272
303 274
301 278
301 284
305 283
316 280
331 274
337 278
339 270
337 262
335 258
333 250
332 243
330 241
327 238
333 237
336 237
343 235
338 242
344 244
345 243
346 244
348 244
351 247
349 249
345 251
344 252
344 257
346 256
348 257
350 259
354 252
357 256
360 260
364 265
365 258
361 250
364 247
370 244
375 238
386 238
387 240
390 243
390 245
389 245
386 244
385 243
376 248
373 246
370 250
374 256
371 270
373 271
376 268
384 268
385 266
391 270
392 278
393 279
394 279
394 283
394 283
388 282
388 281
386 281
382 273
378 280
380 282
378 285
377 293
379 298
380 301
382 299
383 302
381 306
372 307
365 304
362 296
363 294
365 292
370 290
370 283
369 281
365 281
365 273
361 272
355 273
355 270
354 267
352 268
349 275
355 278
353 280
350 283
352 286
355 284
356 289
356 291
360 290
359 295
359 298
354 301
353 297
349 296
346 294
347 293
346 291
344 290
340 293
336 292
333 293
337 288
339 286
337 285
332 284
332 288
324 288
323 290
318 289
317 292
312 292
312 297
320 298
322 296
322 300
318 302
311 307
313 310
325 325
314 331
315 333
315 344
311 348
333 352
333 355
339 357
342 368
347 366
351 366
347 372
349 373
349 378
358 384
364 374
361 369
360 365
361 365
363 362
362 360
354 358
349 356
357 351
359 349
363 347
364 344
355 347
350 346
349 345
344 342
342 342
341 343
340 337
339 332
334 332
333 341
327 333
330 330
339 327
332 315
333 314
336 312
338 315
342 311
340 311
338 309
329 309
329 300
339 302
344 301
346 303
350 313
363 313
368 317
370 320
363 319
361 319
356 321
351 323
349 324
347 327
344 333
350 338
357 333
367 332
370 336
373 341
390 337
394 339
388 343
382 349
372 351
370 352
371 356
369 359
367 364
367 368
371 365
376 364
377 359
379 362
383 368
388 361
389 356
391 356
397 356
397 358
404 358
408 348
404 344
402 343
396 337
394 334
382 328
378 324
385 318
386 318
383 312
388 307
391 306
390 301
389 296
397 295
404 292
404 292
406 292
403 288
407 287
407 286
403 282
402 281
401 280
397 280
399 275
398 269
399 265
395 259
384 259
390 254
392 251
397 253
400 251
399 246
398 245
396 242
393 236
406 247
406 241
407 240
413 240
410 237
411 237
435 209
437 200
441 195
439 193
437 190
437 180
436 169
446 170
448 167
447 162
444 161
443 160
441 155
444 156
445 154
443 149
443 144
442 144
441 142
443 138
436 135
436 130
436 129
443 132
443 131
444 120
449 123
455 127
460 119
462 121
466 120
466 120
466 119
460 115
458 111
455 114
454 113
453 113
449 112
439 114
436 101
438 99
443 92
438 84
438 81
435 73
439 72
441 69
447 72
443 76
456 85
448 99
451 102
448 105
454 106
463 108
469 107
466 104
460 102
470 96
470 94
474 92
473 86
476 82
471 83
470 83
472 80
467 78
466 80
465 80
464 79
465 77
466 76
458 76
454 78
454 72
455 68
457 70
465 68
477 75
482 72
484 69
482 79
483 81
488 83
490 81
491 88
497 88
498 86
500 86
504 91
506 93
498 96
492 93
486 100
481 95
479 97
478 99
476 103
479 107
476 113
479 114
480 115
483 114
488 115
490 112
495 112
496 106
501 107
502 107
508 101
507 97
510 94
517 81
516 78
510 79
499 80
500 77
498 72
501 70
501 69
503 69
504 73
506 73
517 71
524 77
522 88
526 88
531 86
537 77
539 75
534 70
539 69
546 75
547 79
539 82
549 86
551 81
555 82
554 75
557 73
555 68
562 70
564 76
566 79
573 77
574 78
578 77
580 75
582 76
576 86
572 86
566 85
564 87
568 96
581 101
575 101
567 102
565 99
563 107
560 109
559 113
564 111
568 118
567 119
565 121
568 122
574 120
576 117
574 114
577 114
577 109
583 114
583 119
582 124
584 129
573 127
562 127
565 130
570 129
570 129
572 131
580 136
578 143
580 144
581 146
573 158
573 159
575 160
575 162
583 163
583 170
583 176
581 178
571 172
571 170
560 171
560 167
555 164
559 157
565 157
563 155
561 153
561 151
558 151
558 146
559 147
564 146
562 139
560 137
560 135
555 133
556 132
553 128
550 133
550 136
553 140
551 143
547 144
544 143
544 144
544 146
542 153
540 155
532 152
525 154
518 154
516 151
528 141
533 139
528 135
534 133
541 136
543 131
538 132
534 128
540 124
538 121
541 120
541 115
550 110
553 111
548 102
548 101
554 104
555 105
556 104
558 103
558 102
555 94
549 92
544 95
543 95
538 93
534 92
532 95
533 104
531 108
524 103
523 101
518 104
520 108
516 112
517 113
523 114
522 118
520 120
517 122
514 122
510 111
502 115
504 117
500 121
499 124
494 125
492 130
491 137
494 135
495 137
502 133
503 131
509 124
511 129
516 130
515 131
514 136
517 139
517 141
516 141
514 141
513 140
513 145
508 148
509 152
512 157
511 160
513 161
511 164
506 164
506 161
507 159
503 156
500 157
499 159
497 166
495 172
496 176
495 180
502 181
502 176
503 177
505 179
509 178
507 172
516 170
515 167
521 163
527 167
530 161
538 162
545 168
553 177
558 183
562 188
562 194
559 193
558 195
566 202
576 196
573 186
575 181
578 189
579 193
577 195
583 207
578 217
574 208
574 207
571 211
562 212
560 215
557 212
558 203
552 204
552 207
549 206
545 207
544 210
545 211
552 216
545 216
543 213
538 217
533 211
531 207
541 206
537 201
534 196
532 194
529 189
526 190
525 187
524 184
528 181
528 178
530 175
534 182
538 185
541 189
541 194
547 199
550 196
553 189
557 188
552 183
551 182
547 181
545 179
546 174
542 173
540 172
539 172
532 165
527 175
524 179
522 179
519 184
520 191
522 198
522 207
516 208
518 195
518 194
516 195
513 192
508 189
512 186
507 183
507 186
502 189
497 186
493 193
489 189
485 168
489 151
493 150
495 150
500 152
501 147
487 143
476 147
476 142
477 140
472 141
472 138
473 138
481 127
488 125
490 123
480 121
476 120
476 125
472 129
473 132
466 133
462 132
461 131
462 139
457 140
457 141
453 147
455 151
453 152
450 151
449 153
450 155
453 159
459 154
461 154
471 155
478 158
476 162
476 164
471 164
460 162
453 169
452 172
453 176
450 176
448 178
449 182
453 181
458 180
459 182
462 181
457 172
464 173
470 172
472 172
476 183
479 193
485 192
484 198
485 198
486 202
502 202
508 209
508 212
507 212
503 213
499 213
495 210
494 214
492 214
484 215
486 207
486 207
482 210
478 213
474 209
457 213
456 209
458 203
463 200
473 192
470 191
465 192
463 192
458 192
456 189
453 201
453 204
449 203
442 202
442 203
446 213
446 213
450 216
440 216
438 217
420 245
413 248
414 255
407 253
406 257
403 261
405 265
406 267
410 266
412 266
414 264
418 269
411 281
414 288
418 291
416 291
413 293
416 300
410 302
407 305
405 311
403 313
403 303
399 305
399 305
394 311
394 312
398 316
399 319
398 325
395 327
399 332
401 335
407 330
407 327
411 322
414 321
412 318
414 314
419 310
420 311
420 317
420 319
414 326
414 333
416 337
419 344
419 346
415 355
419 357
415 360
405 361
401 364
397 369
394 369
393 367
392 365
385 369
370 384
375 383
379 382
385 384
393 379
395 374
396 373
401 375
400 379
404 379
405 384
407 383
408 383
414 383
410 379
407 374
411 372
410 369
418 370
459 390
459 391
460 396
467 396
477 391
479 395
482 398
475 403
470 403
470 405
464 403
464 404
459 416
465 418
470 412
471 411
472 414
476 412
479 412
484 413
478 417
478 420
476 430
466 429
460 433
465 435
467 443
473 442
474 443
477 442
475 447
475 453
460 448
459 455
465 460
466 464
462 474
469 471
472 476
477 468
481 467
476 464
473 465
472 459
477 457
481 453
482 447
486 448
502 451
507 449
506 453
506 455
511 459
509 462
510 467
505 462
503 465
500 465
496 460
491 457
491 462
491 462
485 468
486 475
501 469
503 473
510 479
515 477
522 477
517 468
520 467
523 470
528 466
528 466
528 482
535 482
536 478
539 466
545 454
540 440
540 438
545 437
552 440
554 437
559 434
557 443
555 445
562 447
563 451
561 454
560 450
558 447
556 447
552 450
553 454
551 459
552 462
550 462
549 468
548 468
549 470
550 472
548 475
544 485
546 485
548 485
552 487
553 486
553 483
558 486
559 487
562 488
563 484
566 478
564 476
565 476
573 466
579 461
573 464
560 472
555 472
555 466
560 468
559 465
560 460
563 463
567 461
566 458
568 453
569 450
567 450
568 449
570 447
570 441
571 439
567 433
566 431
564 425
558 425
550 425
543 428
538 422
545 417
546 415
545 412
536 410
535 410
535 403
527 400
520 402
512 407
523 413
526 411
529 416
523 417
524 420
530 428
530 428
533 430
525 432
523 440
528 447
529 453
529 456
522 462
518 461
517 455
520 451
522 447
521 445
516 446
515 447
516 444
517 440
509 438
509 434
508 434
503 437
498 438
496 440
492 440
495 436
492 434
492 434
492 433
495 432
493 429
488 432
485 431
484 431
482 431
482 428
487 425
488 422
489 421
494 417
495 418
498 418
505 424
511 428
516 416
517 415
509 414
506 412
500 411
499 404
495 407
495 409
492 409
491 411
488 406
485 404
491 404
491 401
492 390
504 391
505 390
514 390
508 399
516 399
518 401
520 400
523 398
527 396
529 394
530 390
535 391
540 392
539 394
537 398
541 398
541 397
541 396
551 396
553 398
559 391
563 394
574 394
573 396
568 408
566 407
564 407
563 408
564 404
560 402
556 407
553 408
554 411
558 410
558 413
559 412
561 412
564 415
562 419
575 420
584 414
587 412
590 407
594 399
590 394
588 392
594 393
600 390
605 395
607 396
600 397
598 403
597 408
601 413
602 415
603 416
603 416
607 415
606 427
608 429
603 443
602 446
607 450
604 453
600 455
598 450
594 448
592 450
590 446
594 442
597 439
598 437
592 429
590 422
591 421
595 424
601 422
598 414
595 413
589 414
578 421
576 433
578 439
583 437
585 440
585 447
580 447
584 455
588 459
592 454
595 457
597 460
599 461
608 460
608 462
604 466
606 467
605 471
607 480
605 481
602 478
598 482
595 481
595 474
595 465
595 461
590 472
587 474
590 478
590 482
584 479
580 477
578 472
574 476
570 475
570 484
575 486
577 487
578 493
579 494
583 492
591 498
589 493
589 491
592 488
595 488
595 492
597 496
600 492
603 493
604 497
601 500
596 506
601 510
603 510
603 512
598 514
592 517
595 518
599 520
601 522
602 531
599 532
596 538
587 535
578 539
573 532
574 531
574 528
574 522
575 520
578 521
581 526
582 529
586 522
587 503
577 499
569 505
573 505
579 506
580 512
575 516
567 523
560 523
559 524
554 519
558 507
563 496
561 496
557 496
554 495
554 501
550 502
547 502
551 506
551 510
550 511
551 513
542 513
542 509
532 507
528 503
529 502
533 498
533 497
524 494
523 507
528 515
533 518
535 521
532 522
529 526
529 528
539 529
544 522
547 527
550 528
549 526
549 526
550 526
553 527
556 531
558 536
559 539
555 536
554 535
547 535
539 539
535 539
531 536
519 535
516 539
510 531
513 529
510 525
507 526
499 527
496 526
500 532
505 531
502 534
501 539
493 534
490 536
487 536
487 530
485 531
483 530
480 526
479 526
476 523
482 517
487 519
488 515
487 515
486 514
487 513
490 513
496 515
503 516
504 510
505 508
505 508
498 501
497 495
502 492
510 491
519 495
507 483
506 482
499 485
492 490
483 492
484 498
481 499
479 496
475 485
470 479
470 484
468 493
462 494
459 500
467 498
472 505
480 509
476 512
475 516
475 511
471 509
468 507
464 506
461 510
460 511
466 515
466 521
471 525
469 525
465 528
463 532
464 534
461 537
471 537
474 536
476 534
481 531
